 # xb yb zb ideal background shim total error
# 8       697
# 8       697
-0.30000000E+00 -0.84000000E+00  0.00000000E+00  0.24979160E+01  0.25114580E+01  0.00000000E+00  0.25114580E+01  0.13541990E-01
-0.24000000E+00 -0.84000000E+00  0.00000000E+00  0.24993331E+01  0.25121665E+01  0.00000000E+00  0.25121665E+01  0.12833460E-01
-0.18000000E+00 -0.84000000E+00  0.00000000E+00  0.25004955E+01  0.25127478E+01  0.00000000E+00  0.25127478E+01  0.12252230E-01
-0.12000000E+00 -0.84000000E+00  0.00000000E+00  0.25013597E+01  0.25131799E+01  0.00000000E+00  0.25131799E+01  0.11820150E-01
-0.60000000E-01 -0.84000000E+00  0.00000000E+00  0.25018922E+01  0.25134461E+01  0.00000000E+00  0.25134461E+01  0.11553890E-01
 0.00000000E+00 -0.84000000E+00  0.00000000E+00  0.25020721E+01  0.25135360E+01  0.00000000E+00  0.25135360E+01  0.11463950E-01
 0.60000000E-01 -0.84000000E+00  0.00000000E+00  0.25018922E+01  0.25134461E+01  0.00000000E+00  0.25134461E+01  0.11553890E-01
 0.12000000E+00 -0.84000000E+00  0.00000000E+00  0.25013597E+01  0.25131799E+01  0.00000000E+00  0.25131799E+01  0.11820150E-01
 0.18000000E+00 -0.84000000E+00  0.00000000E+00  0.25004955E+01  0.25127478E+01  0.00000000E+00  0.25127478E+01  0.12252230E-01
 0.24000000E+00 -0.84000000E+00  0.00000000E+00  0.24993331E+01  0.25121665E+01  0.00000000E+00  0.25121665E+01  0.12833460E-01
 0.30000000E+00 -0.84000000E+00  0.00000000E+00  0.24979160E+01  0.25114580E+01  0.00000000E+00  0.25114580E+01  0.13541990E-01
-0.42000000E+00 -0.78000000E+00  0.00000000E+00  0.24983790E+01  0.25116895E+01  0.00000000E+00  0.25116895E+01  0.13310510E-01
-0.36000000E+00 -0.78000000E+00  0.00000000E+00  0.25004955E+01  0.25127478E+01  0.00000000E+00  0.25127478E+01  0.12252230E-01
-0.30000000E+00 -0.78000000E+00  0.00000000E+00  0.25024355E+01  0.25137177E+01  0.00000000E+00  0.25137177E+01  0.11282270E-01
-0.24000000E+00 -0.78000000E+00  0.00000000E+00  0.25041320E+01  0.25145660E+01  0.00000000E+00  0.25145660E+01  0.10434000E-01
-0.18000000E+00 -0.78000000E+00  0.00000000E+00  0.25055237E+01  0.25152618E+01  0.00000000E+00  0.25152618E+01  0.97381500E-02
-0.12000000E+00 -0.78000000E+00  0.00000000E+00  0.25065583E+01  0.25157792E+01  0.00000000E+00  0.25157792E+01  0.92208400E-02
-0.60000000E-01 -0.78000000E+00  0.00000000E+00  0.25071958E+01  0.25160979E+01  0.00000000E+00  0.25160979E+01  0.89020800E-02
 0.00000000E+00 -0.78000000E+00  0.00000000E+00  0.25074112E+01  0.25162056E+01  0.00000000E+00  0.25162056E+01  0.87944100E-02
 0.60000000E-01 -0.78000000E+00  0.00000000E+00  0.25071958E+01  0.25160979E+01  0.00000000E+00  0.25160979E+01  0.89020800E-02
 0.12000000E+00 -0.78000000E+00  0.00000000E+00  0.25065583E+01  0.25157792E+01  0.00000000E+00  0.25157792E+01  0.92208400E-02
 0.18000000E+00 -0.78000000E+00  0.00000000E+00  0.25055237E+01  0.25152618E+01  0.00000000E+00  0.25152618E+01  0.97381500E-02
 0.24000000E+00 -0.78000000E+00  0.00000000E+00  0.25041320E+01  0.25145660E+01  0.00000000E+00  0.25145660E+01  0.10434000E-01
 0.30000000E+00 -0.78000000E+00  0.00000000E+00  0.25024355E+01  0.25137177E+01  0.00000000E+00  0.25137177E+01  0.11282270E-01
 0.36000000E+00 -0.78000000E+00  0.00000000E+00  0.25004955E+01  0.25127478E+01  0.00000000E+00  0.25127478E+01  0.12252230E-01
 0.42000000E+00 -0.78000000E+00  0.00000000E+00  0.24983790E+01  0.25116895E+01  0.00000000E+00  0.25116895E+01  0.13310510E-01
-0.48000000E+00 -0.72000000E+00  0.00000000E+00  0.24999907E+01  0.25124954E+01  0.00000000E+00  0.25124954E+01  0.12504660E-01
-0.42000000E+00 -0.72000000E+00  0.00000000E+00  0.25026190E+01  0.25138095E+01  0.00000000E+00  0.25138095E+01  0.11190500E-01
-0.36000000E+00 -0.72000000E+00  0.00000000E+00  0.25051194E+01  0.25150597E+01  0.00000000E+00  0.25150597E+01  0.99402900E-02
-0.30000000E+00 -0.72000000E+00  0.00000000E+00  0.25074112E+01  0.25162056E+01  0.00000000E+00  0.25162056E+01  0.87944100E-02
-0.24000000E+00 -0.72000000E+00  0.00000000E+00  0.25094154E+01  0.25172077E+01  0.00000000E+00  0.25172077E+01  0.77923100E-02
-0.18000000E+00 -0.72000000E+00  0.00000000E+00  0.25110595E+01  0.25180298E+01  0.00000000E+00  0.25180298E+01  0.69702600E-02
-0.12000000E+00 -0.72000000E+00  0.00000000E+00  0.25122817E+01  0.25186409E+01  0.00000000E+00  0.25186409E+01  0.63591400E-02
-0.60000000E-01 -0.72000000E+00  0.00000000E+00  0.25130349E+01  0.25190174E+01  0.00000000E+00  0.25190174E+01  0.59825600E-02
 0.00000000E+00 -0.72000000E+00  0.00000000E+00  0.25132893E+01  0.25191446E+01  0.00000000E+00  0.25191446E+01  0.58553500E-02
 0.60000000E-01 -0.72000000E+00  0.00000000E+00  0.25130349E+01  0.25190174E+01  0.00000000E+00  0.25190174E+01  0.59825600E-02
 0.12000000E+00 -0.72000000E+00  0.00000000E+00  0.25122817E+01  0.25186409E+01  0.00000000E+00  0.25186409E+01  0.63591400E-02
 0.18000000E+00 -0.72000000E+00  0.00000000E+00  0.25110595E+01  0.25180298E+01  0.00000000E+00  0.25180298E+01  0.69702600E-02
 0.24000000E+00 -0.72000000E+00  0.00000000E+00  0.25094154E+01  0.25172077E+01  0.00000000E+00  0.25172077E+01  0.77923100E-02
 0.30000000E+00 -0.72000000E+00  0.00000000E+00  0.25074112E+01  0.25162056E+01  0.00000000E+00  0.25162056E+01  0.87944100E-02
 0.36000000E+00 -0.72000000E+00  0.00000000E+00  0.25051194E+01  0.25150597E+01  0.00000000E+00  0.25150597E+01  0.99402900E-02
 0.42000000E+00 -0.72000000E+00  0.00000000E+00  0.25026190E+01  0.25138095E+01  0.00000000E+00  0.25138095E+01  0.11190500E-01
 0.48000000E+00 -0.72000000E+00  0.00000000E+00  0.24999907E+01  0.25124954E+01  0.00000000E+00  0.25124954E+01  0.12504660E-01
-0.60000000E+00 -0.66000000E+00  0.00000000E+00  0.24979160E+01  0.25114580E+01  0.00000000E+00  0.25114580E+01  0.13541990E-01
-0.54000000E+00 -0.66000000E+00  0.00000000E+00  0.25010106E+01  0.25130053E+01  0.00000000E+00  0.25130053E+01  0.11994710E-01
-0.48000000E+00 -0.66000000E+00  0.00000000E+00  0.25041320E+01  0.25145660E+01  0.00000000E+00  0.25145660E+01  0.10434000E-01
-0.42000000E+00 -0.66000000E+00  0.00000000E+00  0.25071958E+01  0.25160979E+01  0.00000000E+00  0.25160979E+01  0.89020800E-02
-0.36000000E+00 -0.66000000E+00  0.00000000E+00  0.25101106E+01  0.25175553E+01  0.00000000E+00  0.25175553E+01  0.74446900E-02
-0.30000000E+00 -0.66000000E+00  0.00000000E+00  0.25127822E+01  0.25188911E+01  0.00000000E+00  0.25188911E+01  0.61089300E-02
-0.24000000E+00 -0.66000000E+00  0.00000000E+00  0.25151185E+01  0.25200592E+01  0.00000000E+00  0.25200592E+01  0.49407700E-02
-0.18000000E+00 -0.66000000E+00  0.00000000E+00  0.25170350E+01  0.25210175E+01  0.00000000E+00  0.25210175E+01  0.39824800E-02
-0.12000000E+00 -0.66000000E+00  0.00000000E+00  0.25184598E+01  0.25217299E+01  0.00000000E+00  0.25217299E+01  0.32700900E-02
-0.60000000E-01 -0.66000000E+00  0.00000000E+00  0.25193378E+01  0.25221689E+01  0.00000000E+00  0.25221689E+01  0.28311100E-02
 0.00000000E+00 -0.66000000E+00  0.00000000E+00  0.25196343E+01  0.25223172E+01  0.00000000E+00  0.25223172E+01  0.26828300E-02
 0.60000000E-01 -0.66000000E+00  0.00000000E+00  0.25193378E+01  0.25221689E+01  0.00000000E+00  0.25221689E+01  0.28311100E-02
 0.12000000E+00 -0.66000000E+00  0.00000000E+00  0.25184598E+01  0.25217299E+01  0.00000000E+00  0.25217299E+01  0.32700900E-02
 0.18000000E+00 -0.66000000E+00  0.00000000E+00  0.25170350E+01  0.25210175E+01  0.00000000E+00  0.25210175E+01  0.39824800E-02
 0.24000000E+00 -0.66000000E+00  0.00000000E+00  0.25151185E+01  0.25200592E+01  0.00000000E+00  0.25200592E+01  0.49407700E-02
 0.30000000E+00 -0.66000000E+00  0.00000000E+00  0.25127822E+01  0.25188911E+01  0.00000000E+00  0.25188911E+01  0.61089300E-02
 0.36000000E+00 -0.66000000E+00  0.00000000E+00  0.25101106E+01  0.25175553E+01  0.00000000E+00  0.25175553E+01  0.74446900E-02
 0.42000000E+00 -0.66000000E+00  0.00000000E+00  0.25071958E+01  0.25160979E+01  0.00000000E+00  0.25160979E+01  0.89020800E-02
 0.48000000E+00 -0.66000000E+00  0.00000000E+00  0.25041320E+01  0.25145660E+01  0.00000000E+00  0.25145660E+01  0.10434000E-01
 0.54000000E+00 -0.66000000E+00  0.00000000E+00  0.25010106E+01  0.25130053E+01  0.00000000E+00  0.25130053E+01  0.11994710E-01
 0.60000000E+00 -0.66000000E+00  0.00000000E+00  0.24979160E+01  0.25114580E+01  0.00000000E+00  0.25114580E+01  0.13541990E-01
-0.66000000E+00 -0.60000000E+00  0.00000000E+00  0.24979160E+01  0.25114580E+01  0.00000000E+00  0.25114580E+01  0.13541990E-01
-0.60000000E+00 -0.60000000E+00  0.00000000E+00  0.25013597E+01  0.25131799E+01  0.00000000E+00  0.25131799E+01  0.11820150E-01
-0.54000000E+00 -0.60000000E+00  0.00000000E+00  0.25049193E+01  0.25149597E+01  0.00000000E+00  0.25149597E+01  0.10040360E-01
-0.48000000E+00 -0.60000000E+00  0.00000000E+00  0.25085098E+01  0.25167549E+01  0.00000000E+00  0.25167549E+01  0.82451200E-02
-0.42000000E+00 -0.60000000E+00  0.00000000E+00  0.25120340E+01  0.25185170E+01  0.00000000E+00  0.25185170E+01  0.64829900E-02
-0.36000000E+00 -0.60000000E+00  0.00000000E+00  0.25153868E+01  0.25201934E+01  0.00000000E+00  0.25201934E+01  0.48065900E-02
-0.30000000E+00 -0.60000000E+00  0.00000000E+00  0.25184598E+01  0.25217299E+01  0.00000000E+00  0.25217299E+01  0.32700900E-02
-0.24000000E+00 -0.60000000E+00  0.00000000E+00  0.25211472E+01  0.25230736E+01  0.00000000E+00  0.25230736E+01  0.19263800E-02
-0.18000000E+00 -0.60000000E+00  0.00000000E+00  0.25233518E+01  0.25241759E+01  0.00000000E+00  0.25241759E+01  0.82410000E-03
-0.12000000E+00 -0.60000000E+00  0.00000000E+00  0.25249907E+01  0.25249954E+01  0.00000000E+00  0.25249954E+01  0.46600000E-05
-0.60000000E-01 -0.60000000E+00  0.00000000E+00  0.25260006E+01  0.25255003E+01  0.00000000E+00  0.25255003E+01 -0.50028000E-03
 0.00000000E+00 -0.60000000E+00  0.00000000E+00  0.25263417E+01  0.25256709E+01  0.00000000E+00  0.25256709E+01 -0.67085000E-03
 0.60000000E-01 -0.60000000E+00  0.00000000E+00  0.25260006E+01  0.25255003E+01  0.00000000E+00  0.25255003E+01 -0.50028000E-03
 0.12000000E+00 -0.60000000E+00  0.00000000E+00  0.25249907E+01  0.25249954E+01  0.00000000E+00  0.25249954E+01  0.46600000E-05
 0.18000000E+00 -0.60000000E+00  0.00000000E+00  0.25233518E+01  0.25241759E+01  0.00000000E+00  0.25241759E+01  0.82410000E-03
 0.24000000E+00 -0.60000000E+00  0.00000000E+00  0.25211472E+01  0.25230736E+01  0.00000000E+00  0.25230736E+01  0.19263800E-02
 0.30000000E+00 -0.60000000E+00  0.00000000E+00  0.25184598E+01  0.25217299E+01  0.00000000E+00  0.25217299E+01  0.32700900E-02
 0.36000000E+00 -0.60000000E+00  0.00000000E+00  0.25153868E+01  0.25201934E+01  0.00000000E+00  0.25201934E+01  0.48065900E-02
 0.42000000E+00 -0.60000000E+00  0.00000000E+00  0.25120340E+01  0.25185170E+01  0.00000000E+00  0.25185170E+01  0.64829900E-02
 0.48000000E+00 -0.60000000E+00  0.00000000E+00  0.25085098E+01  0.25167549E+01  0.00000000E+00  0.25167549E+01  0.82451200E-02
 0.54000000E+00 -0.60000000E+00  0.00000000E+00  0.25049193E+01  0.25149597E+01  0.00000000E+00  0.25149597E+01  0.10040360E-01
 0.60000000E+00 -0.60000000E+00  0.00000000E+00  0.25013597E+01  0.25131799E+01  0.00000000E+00  0.25131799E+01  0.11820150E-01
 0.66000000E+00 -0.60000000E+00  0.00000000E+00  0.24979160E+01  0.25114580E+01  0.00000000E+00  0.25114580E+01  0.13541990E-01
-0.66000000E+00 -0.54000000E+00  0.00000000E+00  0.25010106E+01  0.25130053E+01  0.00000000E+00  0.25130053E+01  0.11994710E-01
-0.60000000E+00 -0.54000000E+00  0.00000000E+00  0.25049193E+01  0.25149597E+01  0.00000000E+00  0.25149597E+01  0.10040360E-01
-0.54000000E+00 -0.54000000E+00  0.00000000E+00  0.25089596E+01  0.25169798E+01  0.00000000E+00  0.25169798E+01  0.80202300E-02
-0.48000000E+00 -0.54000000E+00  0.00000000E+00  0.25130349E+01  0.25190174E+01  0.00000000E+00  0.25190174E+01  0.59825600E-02
-0.42000000E+00 -0.54000000E+00  0.00000000E+00  0.25170350E+01  0.25210175E+01  0.00000000E+00  0.25210175E+01  0.39824800E-02
-0.36000000E+00 -0.54000000E+00  0.00000000E+00  0.25208406E+01  0.25229203E+01  0.00000000E+00  0.25229203E+01  0.20797000E-02
-0.30000000E+00 -0.54000000E+00  0.00000000E+00  0.25243286E+01  0.25246643E+01  0.00000000E+00  0.25246643E+01  0.33572000E-03
-0.24000000E+00 -0.54000000E+00  0.00000000E+00  0.25273789E+01  0.25261894E+01  0.00000000E+00  0.25261894E+01 -0.11894400E-02
-0.18000000E+00 -0.54000000E+00  0.00000000E+00  0.25298812E+01  0.25274406E+01  0.00000000E+00  0.25274406E+01 -0.24405800E-02
-0.12000000E+00 -0.54000000E+00  0.00000000E+00  0.25317414E+01  0.25283707E+01  0.00000000E+00  0.25283707E+01 -0.33706900E-02
-0.60000000E-01 -0.54000000E+00  0.00000000E+00  0.25328876E+01  0.25289438E+01  0.00000000E+00  0.25289438E+01 -0.39438100E-02
 0.00000000E+00 -0.54000000E+00  0.00000000E+00  0.25332748E+01  0.25291374E+01  0.00000000E+00  0.25291374E+01 -0.41374200E-02
 0.60000000E-01 -0.54000000E+00  0.00000000E+00  0.25328876E+01  0.25289438E+01  0.00000000E+00  0.25289438E+01 -0.39438100E-02
 0.12000000E+00 -0.54000000E+00  0.00000000E+00  0.25317414E+01  0.25283707E+01  0.00000000E+00  0.25283707E+01 -0.33706900E-02
 0.18000000E+00 -0.54000000E+00  0.00000000E+00  0.25298812E+01  0.25274406E+01  0.00000000E+00  0.25274406E+01 -0.24405800E-02
 0.24000000E+00 -0.54000000E+00  0.00000000E+00  0.25273789E+01  0.25261894E+01  0.00000000E+00  0.25261894E+01 -0.11894400E-02
 0.30000000E+00 -0.54000000E+00  0.00000000E+00  0.25243286E+01  0.25246643E+01  0.00000000E+00  0.25246643E+01  0.33572000E-03
 0.36000000E+00 -0.54000000E+00  0.00000000E+00  0.25208406E+01  0.25229203E+01  0.00000000E+00  0.25229203E+01  0.20797000E-02
 0.42000000E+00 -0.54000000E+00  0.00000000E+00  0.25170350E+01  0.25210175E+01  0.00000000E+00  0.25210175E+01  0.39824800E-02
 0.48000000E+00 -0.54000000E+00  0.00000000E+00  0.25130349E+01  0.25190174E+01  0.00000000E+00  0.25190174E+01  0.59825600E-02
 0.54000000E+00 -0.54000000E+00  0.00000000E+00  0.25089596E+01  0.25169798E+01  0.00000000E+00  0.25169798E+01  0.80202300E-02
 0.60000000E+00 -0.54000000E+00  0.00000000E+00  0.25049193E+01  0.25149597E+01  0.00000000E+00  0.25149597E+01  0.10040360E-01
 0.66000000E+00 -0.54000000E+00  0.00000000E+00  0.25010106E+01  0.25130053E+01  0.00000000E+00  0.25130053E+01  0.11994710E-01
-0.72000000E+00 -0.48000000E+00  0.00000000E+00  0.24999907E+01  0.25124954E+01  0.00000000E+00  0.25124954E+01  0.12504660E-01
-0.66000000E+00 -0.48000000E+00  0.00000000E+00  0.25041320E+01  0.25145660E+01  0.00000000E+00  0.25145660E+01  0.10434000E-01
-0.60000000E+00 -0.48000000E+00  0.00000000E+00  0.25085098E+01  0.25167549E+01  0.00000000E+00  0.25167549E+01  0.82451200E-02
-0.54000000E+00 -0.48000000E+00  0.00000000E+00  0.25130349E+01  0.25190174E+01  0.00000000E+00  0.25190174E+01  0.59825600E-02
-0.48000000E+00 -0.48000000E+00  0.00000000E+00  0.25175993E+01  0.25212996E+01  0.00000000E+00  0.25212996E+01  0.37003700E-02
-0.42000000E+00 -0.48000000E+00  0.00000000E+00  0.25220795E+01  0.25235397E+01  0.00000000E+00  0.25235397E+01  0.14602700E-02
-0.36000000E+00 -0.48000000E+00  0.00000000E+00  0.25263417E+01  0.25256709E+01  0.00000000E+00  0.25256709E+01 -0.67085000E-03
-0.30000000E+00 -0.48000000E+00  0.00000000E+00  0.25302483E+01  0.25276241E+01  0.00000000E+00  0.25276241E+01 -0.26241300E-02
-0.24000000E+00 -0.48000000E+00  0.00000000E+00  0.25336646E+01  0.25293323E+01  0.00000000E+00  0.25293323E+01 -0.43323100E-02
-0.18000000E+00 -0.48000000E+00  0.00000000E+00  0.25364672E+01  0.25307336E+01  0.00000000E+00  0.25307336E+01 -0.57336000E-02
-0.12000000E+00 -0.48000000E+00  0.00000000E+00  0.25385506E+01  0.25317753E+01  0.00000000E+00  0.25317753E+01 -0.67753200E-02
-0.60000000E-01 -0.48000000E+00  0.00000000E+00  0.25398344E+01  0.25324172E+01  0.00000000E+00  0.25324172E+01 -0.74172100E-02
 0.00000000E+00 -0.48000000E+00  0.00000000E+00  0.25402681E+01  0.25326340E+01  0.00000000E+00  0.25326340E+01 -0.76340600E-02
 0.60000000E-01 -0.48000000E+00  0.00000000E+00  0.25398344E+01  0.25324172E+01  0.00000000E+00  0.25324172E+01 -0.74172100E-02
 0.12000000E+00 -0.48000000E+00  0.00000000E+00  0.25385506E+01  0.25317753E+01  0.00000000E+00  0.25317753E+01 -0.67753200E-02
 0.18000000E+00 -0.48000000E+00  0.00000000E+00  0.25364672E+01  0.25307336E+01  0.00000000E+00  0.25307336E+01 -0.57336000E-02
 0.24000000E+00 -0.48000000E+00  0.00000000E+00  0.25336646E+01  0.25293323E+01  0.00000000E+00  0.25293323E+01 -0.43323100E-02
 0.30000000E+00 -0.48000000E+00  0.00000000E+00  0.25302483E+01  0.25276241E+01  0.00000000E+00  0.25276241E+01 -0.26241300E-02
 0.36000000E+00 -0.48000000E+00  0.00000000E+00  0.25263417E+01  0.25256709E+01  0.00000000E+00  0.25256709E+01 -0.67085000E-03
 0.42000000E+00 -0.48000000E+00  0.00000000E+00  0.25220795E+01  0.25235397E+01  0.00000000E+00  0.25235397E+01  0.14602700E-02
 0.48000000E+00 -0.48000000E+00  0.00000000E+00  0.25175993E+01  0.25212996E+01  0.00000000E+00  0.25212996E+01  0.37003700E-02
 0.54000000E+00 -0.48000000E+00  0.00000000E+00  0.25130349E+01  0.25190174E+01  0.00000000E+00  0.25190174E+01  0.59825600E-02
 0.60000000E+00 -0.48000000E+00  0.00000000E+00  0.25085098E+01  0.25167549E+01  0.00000000E+00  0.25167549E+01  0.82451200E-02
 0.66000000E+00 -0.48000000E+00  0.00000000E+00  0.25041320E+01  0.25145660E+01  0.00000000E+00  0.25145660E+01  0.10434000E-01
 0.72000000E+00 -0.48000000E+00  0.00000000E+00  0.24999907E+01  0.25124954E+01  0.00000000E+00  0.25124954E+01  0.12504660E-01
-0.78000000E+00 -0.42000000E+00  0.00000000E+00  0.24983790E+01  0.25116895E+01  0.00000000E+00  0.25116895E+01  0.13310510E-01
-0.72000000E+00 -0.42000000E+00  0.00000000E+00  0.25026190E+01  0.25138095E+01  0.00000000E+00  0.25138095E+01  0.11190500E-01
-0.66000000E+00 -0.42000000E+00  0.00000000E+00  0.25071958E+01  0.25160979E+01  0.00000000E+00  0.25160979E+01  0.89020800E-02
-0.60000000E+00 -0.42000000E+00  0.00000000E+00  0.25120340E+01  0.25185170E+01  0.00000000E+00  0.25185170E+01  0.64829900E-02
-0.54000000E+00 -0.42000000E+00  0.00000000E+00  0.25170350E+01  0.25210175E+01  0.00000000E+00  0.25210175E+01  0.39824800E-02
-0.48000000E+00 -0.42000000E+00  0.00000000E+00  0.25220795E+01  0.25235397E+01  0.00000000E+00  0.25235397E+01  0.14602700E-02
-0.42000000E+00 -0.42000000E+00  0.00000000E+00  0.25270309E+01  0.25260154E+01  0.00000000E+00  0.25260154E+01 -0.10154200E-02
-0.36000000E+00 -0.42000000E+00  0.00000000E+00  0.25317414E+01  0.25283707E+01  0.00000000E+00  0.25283707E+01 -0.33706900E-02
-0.30000000E+00 -0.42000000E+00  0.00000000E+00  0.25360588E+01  0.25305294E+01  0.00000000E+00  0.25305294E+01 -0.55293800E-02
-0.24000000E+00 -0.42000000E+00  0.00000000E+00  0.25398344E+01  0.25324172E+01  0.00000000E+00  0.25324172E+01 -0.74172100E-02
-0.18000000E+00 -0.42000000E+00  0.00000000E+00  0.25429318E+01  0.25339659E+01  0.00000000E+00  0.25339659E+01 -0.89658800E-02
-0.12000000E+00 -0.42000000E+00  0.00000000E+00  0.25452343E+01  0.25351172E+01  0.00000000E+00  0.25351172E+01 -0.10117150E-01
-0.60000000E-01 -0.42000000E+00  0.00000000E+00  0.25466531E+01  0.25358266E+01  0.00000000E+00  0.25358266E+01 -0.10826560E-01
 0.00000000E+00 -0.42000000E+00  0.00000000E+00  0.25471324E+01  0.25360662E+01  0.00000000E+00  0.25360662E+01 -0.11066200E-01
 0.60000000E-01 -0.42000000E+00  0.00000000E+00  0.25466531E+01  0.25358266E+01  0.00000000E+00  0.25358266E+01 -0.10826560E-01
 0.12000000E+00 -0.42000000E+00  0.00000000E+00  0.25452343E+01  0.25351172E+01  0.00000000E+00  0.25351172E+01 -0.10117150E-01
 0.18000000E+00 -0.42000000E+00  0.00000000E+00  0.25429318E+01  0.25339659E+01  0.00000000E+00  0.25339659E+01 -0.89658800E-02
 0.24000000E+00 -0.42000000E+00  0.00000000E+00  0.25398344E+01  0.25324172E+01  0.00000000E+00  0.25324172E+01 -0.74172100E-02
 0.30000000E+00 -0.42000000E+00  0.00000000E+00  0.25360588E+01  0.25305294E+01  0.00000000E+00  0.25305294E+01 -0.55293800E-02
 0.36000000E+00 -0.42000000E+00  0.00000000E+00  0.25317414E+01  0.25283707E+01  0.00000000E+00  0.25283707E+01 -0.33706900E-02
 0.42000000E+00 -0.42000000E+00  0.00000000E+00  0.25270309E+01  0.25260154E+01  0.00000000E+00  0.25260154E+01 -0.10154200E-02
 0.48000000E+00 -0.42000000E+00  0.00000000E+00  0.25220795E+01  0.25235397E+01  0.00000000E+00  0.25235397E+01  0.14602700E-02
 0.54000000E+00 -0.42000000E+00  0.00000000E+00  0.25170350E+01  0.25210175E+01  0.00000000E+00  0.25210175E+01  0.39824800E-02
 0.60000000E+00 -0.42000000E+00  0.00000000E+00  0.25120340E+01  0.25185170E+01  0.00000000E+00  0.25185170E+01  0.64829900E-02
 0.66000000E+00 -0.42000000E+00  0.00000000E+00  0.25071958E+01  0.25160979E+01  0.00000000E+00  0.25160979E+01  0.89020800E-02
 0.72000000E+00 -0.42000000E+00  0.00000000E+00  0.25026190E+01  0.25138095E+01  0.00000000E+00  0.25138095E+01  0.11190500E-01
 0.78000000E+00 -0.42000000E+00  0.00000000E+00  0.24983790E+01  0.25116895E+01  0.00000000E+00  0.25116895E+01  0.13310510E-01
-0.78000000E+00 -0.36000000E+00  0.00000000E+00  0.25004955E+01  0.25127478E+01  0.00000000E+00  0.25127478E+01  0.12252230E-01
-0.72000000E+00 -0.36000000E+00  0.00000000E+00  0.25051194E+01  0.25150597E+01  0.00000000E+00  0.25150597E+01  0.99402900E-02
-0.66000000E+00 -0.36000000E+00  0.00000000E+00  0.25101106E+01  0.25175553E+01  0.00000000E+00  0.25175553E+01  0.74446900E-02
-0.60000000E+00 -0.36000000E+00  0.00000000E+00  0.25153868E+01  0.25201934E+01  0.00000000E+00  0.25201934E+01  0.48065900E-02
-0.54000000E+00 -0.36000000E+00  0.00000000E+00  0.25208406E+01  0.25229203E+01  0.00000000E+00  0.25229203E+01  0.20797000E-02
-0.48000000E+00 -0.36000000E+00  0.00000000E+00  0.25263417E+01  0.25256709E+01  0.00000000E+00  0.25256709E+01 -0.67085000E-03
-0.42000000E+00 -0.36000000E+00  0.00000000E+00  0.25317414E+01  0.25283707E+01  0.00000000E+00  0.25283707E+01 -0.33706900E-02
-0.36000000E+00 -0.36000000E+00  0.00000000E+00  0.25368783E+01  0.25309392E+01  0.00000000E+00  0.25309392E+01 -0.59391700E-02
-0.30000000E+00 -0.36000000E+00  0.00000000E+00  0.25415866E+01  0.25332933E+01  0.00000000E+00  0.25332933E+01 -0.82933000E-02
-0.24000000E+00 -0.36000000E+00  0.00000000E+00  0.25457041E+01  0.25353521E+01  0.00000000E+00  0.25353521E+01 -0.10352050E-01
-0.18000000E+00 -0.36000000E+00  0.00000000E+00  0.25490818E+01  0.25370409E+01  0.00000000E+00  0.25370409E+01 -0.12040910E-01
-0.12000000E+00 -0.36000000E+00  0.00000000E+00  0.25515928E+01  0.25382964E+01  0.00000000E+00  0.25382964E+01 -0.13296410E-01
-0.60000000E-01 -0.36000000E+00  0.00000000E+00  0.25531401E+01  0.25390701E+01  0.00000000E+00  0.25390701E+01 -0.14070050E-01
 0.00000000E+00 -0.36000000E+00  0.00000000E+00  0.25536628E+01  0.25393314E+01  0.00000000E+00  0.25393314E+01 -0.14331400E-01
 0.60000000E-01 -0.36000000E+00  0.00000000E+00  0.25531401E+01  0.25390701E+01  0.00000000E+00  0.25390701E+01 -0.14070050E-01
 0.12000000E+00 -0.36000000E+00  0.00000000E+00  0.25515928E+01  0.25382964E+01  0.00000000E+00  0.25382964E+01 -0.13296410E-01
 0.18000000E+00 -0.36000000E+00  0.00000000E+00  0.25490818E+01  0.25370409E+01  0.00000000E+00  0.25370409E+01 -0.12040910E-01
 0.24000000E+00 -0.36000000E+00  0.00000000E+00  0.25457041E+01  0.25353521E+01  0.00000000E+00  0.25353521E+01 -0.10352050E-01
 0.30000000E+00 -0.36000000E+00  0.00000000E+00  0.25415866E+01  0.25332933E+01  0.00000000E+00  0.25332933E+01 -0.82933000E-02
 0.36000000E+00 -0.36000000E+00  0.00000000E+00  0.25368783E+01  0.25309392E+01  0.00000000E+00  0.25309392E+01 -0.59391700E-02
 0.42000000E+00 -0.36000000E+00  0.00000000E+00  0.25317414E+01  0.25283707E+01  0.00000000E+00  0.25283707E+01 -0.33706900E-02
 0.48000000E+00 -0.36000000E+00  0.00000000E+00  0.25263417E+01  0.25256709E+01  0.00000000E+00  0.25256709E+01 -0.67085000E-03
 0.54000000E+00 -0.36000000E+00  0.00000000E+00  0.25208406E+01  0.25229203E+01  0.00000000E+00  0.25229203E+01  0.20797000E-02
 0.60000000E+00 -0.36000000E+00  0.00000000E+00  0.25153868E+01  0.25201934E+01  0.00000000E+00  0.25201934E+01  0.48065900E-02
 0.66000000E+00 -0.36000000E+00  0.00000000E+00  0.25101106E+01  0.25175553E+01  0.00000000E+00  0.25175553E+01  0.74446900E-02
 0.72000000E+00 -0.36000000E+00  0.00000000E+00  0.25051194E+01  0.25150597E+01  0.00000000E+00  0.25150597E+01  0.99402900E-02
 0.78000000E+00 -0.36000000E+00  0.00000000E+00  0.25004955E+01  0.25127478E+01  0.00000000E+00  0.25127478E+01  0.12252230E-01
-0.84000000E+00 -0.30000000E+00  0.00000000E+00  0.24979160E+01  0.25114580E+01  0.00000000E+00  0.25114580E+01  0.13541990E-01
-0.78000000E+00 -0.30000000E+00  0.00000000E+00  0.25024355E+01  0.25137177E+01  0.00000000E+00  0.25137177E+01  0.11282270E-01
-0.72000000E+00 -0.30000000E+00  0.00000000E+00  0.25074112E+01  0.25162056E+01  0.00000000E+00  0.25162056E+01  0.87944100E-02
-0.66000000E+00 -0.30000000E+00  0.00000000E+00  0.25127822E+01  0.25188911E+01  0.00000000E+00  0.25188911E+01  0.61089300E-02
-0.60000000E+00 -0.30000000E+00  0.00000000E+00  0.25184598E+01  0.25217299E+01  0.00000000E+00  0.25217299E+01  0.32700900E-02
-0.54000000E+00 -0.30000000E+00  0.00000000E+00  0.25243286E+01  0.25246643E+01  0.00000000E+00  0.25246643E+01  0.33572000E-03
-0.48000000E+00 -0.30000000E+00  0.00000000E+00  0.25302483E+01  0.25276241E+01  0.00000000E+00  0.25276241E+01 -0.26241300E-02
-0.42000000E+00 -0.30000000E+00  0.00000000E+00  0.25360588E+01  0.25305294E+01  0.00000000E+00  0.25305294E+01 -0.55293800E-02
-0.36000000E+00 -0.30000000E+00  0.00000000E+00  0.25415866E+01  0.25332933E+01  0.00000000E+00  0.25332933E+01 -0.82933000E-02
-0.30000000E+00 -0.30000000E+00  0.00000000E+00  0.25466531E+01  0.25358266E+01  0.00000000E+00  0.25358266E+01 -0.10826560E-01
-0.24000000E+00 -0.30000000E+00  0.00000000E+00  0.25510839E+01  0.25380420E+01  0.00000000E+00  0.25380420E+01 -0.13041950E-01
-0.18000000E+00 -0.30000000E+00  0.00000000E+00  0.25547186E+01  0.25398593E+01  0.00000000E+00  0.25398593E+01 -0.14859330E-01
-0.12000000E+00 -0.30000000E+00  0.00000000E+00  0.25574207E+01  0.25412104E+01  0.00000000E+00  0.25412104E+01 -0.16210360E-01
-0.60000000E-01 -0.30000000E+00  0.00000000E+00  0.25590857E+01  0.25420429E+01  0.00000000E+00  0.25420429E+01 -0.17042870E-01
 0.00000000E+00 -0.30000000E+00  0.00000000E+00  0.25596482E+01  0.25423241E+01  0.00000000E+00  0.25423241E+01 -0.17324080E-01
 0.60000000E-01 -0.30000000E+00  0.00000000E+00  0.25590857E+01  0.25420429E+01  0.00000000E+00  0.25420429E+01 -0.17042870E-01
 0.12000000E+00 -0.30000000E+00  0.00000000E+00  0.25574207E+01  0.25412104E+01  0.00000000E+00  0.25412104E+01 -0.16210360E-01
 0.18000000E+00 -0.30000000E+00  0.00000000E+00  0.25547186E+01  0.25398593E+01  0.00000000E+00  0.25398593E+01 -0.14859330E-01
 0.24000000E+00 -0.30000000E+00  0.00000000E+00  0.25510839E+01  0.25380420E+01  0.00000000E+00  0.25380420E+01 -0.13041950E-01
 0.30000000E+00 -0.30000000E+00  0.00000000E+00  0.25466531E+01  0.25358266E+01  0.00000000E+00  0.25358266E+01 -0.10826560E-01
 0.36000000E+00 -0.30000000E+00  0.00000000E+00  0.25415866E+01  0.25332933E+01  0.00000000E+00  0.25332933E+01 -0.82933000E-02
 0.42000000E+00 -0.30000000E+00  0.00000000E+00  0.25360588E+01  0.25305294E+01  0.00000000E+00  0.25305294E+01 -0.55293800E-02
 0.48000000E+00 -0.30000000E+00  0.00000000E+00  0.25302483E+01  0.25276241E+01  0.00000000E+00  0.25276241E+01 -0.26241300E-02
 0.54000000E+00 -0.30000000E+00  0.00000000E+00  0.25243286E+01  0.25246643E+01  0.00000000E+00  0.25246643E+01  0.33572000E-03
 0.60000000E+00 -0.30000000E+00  0.00000000E+00  0.25184598E+01  0.25217299E+01  0.00000000E+00  0.25217299E+01  0.32700900E-02
 0.66000000E+00 -0.30000000E+00  0.00000000E+00  0.25127822E+01  0.25188911E+01  0.00000000E+00  0.25188911E+01  0.61089300E-02
 0.72000000E+00 -0.30000000E+00  0.00000000E+00  0.25074112E+01  0.25162056E+01  0.00000000E+00  0.25162056E+01  0.87944100E-02
 0.78000000E+00 -0.30000000E+00  0.00000000E+00  0.25024355E+01  0.25137177E+01  0.00000000E+00  0.25137177E+01  0.11282270E-01
 0.84000000E+00 -0.30000000E+00  0.00000000E+00  0.24979160E+01  0.25114580E+01  0.00000000E+00  0.25114580E+01  0.13541990E-01
-0.84000000E+00 -0.24000000E+00  0.00000000E+00  0.24993331E+01  0.25121665E+01  0.00000000E+00  0.25121665E+01  0.12833460E-01
-0.78000000E+00 -0.24000000E+00  0.00000000E+00  0.25041320E+01  0.25145660E+01  0.00000000E+00  0.25145660E+01  0.10434000E-01
-0.72000000E+00 -0.24000000E+00  0.00000000E+00  0.25094154E+01  0.25172077E+01  0.00000000E+00  0.25172077E+01  0.77923100E-02
-0.66000000E+00 -0.24000000E+00  0.00000000E+00  0.25151185E+01  0.25200592E+01  0.00000000E+00  0.25200592E+01  0.49407700E-02
-0.60000000E+00 -0.24000000E+00  0.00000000E+00  0.25211472E+01  0.25230736E+01  0.00000000E+00  0.25230736E+01  0.19263800E-02
-0.54000000E+00 -0.24000000E+00  0.00000000E+00  0.25273789E+01  0.25261894E+01  0.00000000E+00  0.25261894E+01 -0.11894400E-02
-0.48000000E+00 -0.24000000E+00  0.00000000E+00  0.25336646E+01  0.25293323E+01  0.00000000E+00  0.25293323E+01 -0.43323100E-02
-0.42000000E+00 -0.24000000E+00  0.00000000E+00  0.25398344E+01  0.25324172E+01  0.00000000E+00  0.25324172E+01 -0.74172100E-02
-0.36000000E+00 -0.24000000E+00  0.00000000E+00  0.25457041E+01  0.25353521E+01  0.00000000E+00  0.25353521E+01 -0.10352050E-01
-0.30000000E+00 -0.24000000E+00  0.00000000E+00  0.25510839E+01  0.25380420E+01  0.00000000E+00  0.25380420E+01 -0.13041950E-01
-0.24000000E+00 -0.24000000E+00  0.00000000E+00  0.25557887E+01  0.25403943E+01  0.00000000E+00  0.25403943E+01 -0.15394340E-01
-0.18000000E+00 -0.24000000E+00  0.00000000E+00  0.25596482E+01  0.25423241E+01  0.00000000E+00  0.25423241E+01 -0.17324080E-01
-0.12000000E+00 -0.24000000E+00  0.00000000E+00  0.25625173E+01  0.25437587E+01  0.00000000E+00  0.25437587E+01 -0.18758660E-01
-0.60000000E-01 -0.24000000E+00  0.00000000E+00  0.25642853E+01  0.25446427E+01  0.00000000E+00  0.25446427E+01 -0.19642650E-01
 0.00000000E+00 -0.24000000E+00  0.00000000E+00  0.25648825E+01  0.25449413E+01  0.00000000E+00  0.25449413E+01 -0.19941260E-01
 0.60000000E-01 -0.24000000E+00  0.00000000E+00  0.25642853E+01  0.25446427E+01  0.00000000E+00  0.25446427E+01 -0.19642650E-01
 0.12000000E+00 -0.24000000E+00  0.00000000E+00  0.25625173E+01  0.25437587E+01  0.00000000E+00  0.25437587E+01 -0.18758660E-01
 0.18000000E+00 -0.24000000E+00  0.00000000E+00  0.25596482E+01  0.25423241E+01  0.00000000E+00  0.25423241E+01 -0.17324080E-01
 0.24000000E+00 -0.24000000E+00  0.00000000E+00  0.25557887E+01  0.25403943E+01  0.00000000E+00  0.25403943E+01 -0.15394340E-01
 0.30000000E+00 -0.24000000E+00  0.00000000E+00  0.25510839E+01  0.25380420E+01  0.00000000E+00  0.25380420E+01 -0.13041950E-01
 0.36000000E+00 -0.24000000E+00  0.00000000E+00  0.25457041E+01  0.25353521E+01  0.00000000E+00  0.25353521E+01 -0.10352050E-01
 0.42000000E+00 -0.24000000E+00  0.00000000E+00  0.25398344E+01  0.25324172E+01  0.00000000E+00  0.25324172E+01 -0.74172100E-02
 0.48000000E+00 -0.24000000E+00  0.00000000E+00  0.25336646E+01  0.25293323E+01  0.00000000E+00  0.25293323E+01 -0.43323100E-02
 0.54000000E+00 -0.24000000E+00  0.00000000E+00  0.25273789E+01  0.25261894E+01  0.00000000E+00  0.25261894E+01 -0.11894400E-02
 0.60000000E+00 -0.24000000E+00  0.00000000E+00  0.25211472E+01  0.25230736E+01  0.00000000E+00  0.25230736E+01  0.19263800E-02
 0.66000000E+00 -0.24000000E+00  0.00000000E+00  0.25151185E+01  0.25200592E+01  0.00000000E+00  0.25200592E+01  0.49407700E-02
 0.72000000E+00 -0.24000000E+00  0.00000000E+00  0.25094154E+01  0.25172077E+01  0.00000000E+00  0.25172077E+01  0.77923100E-02
 0.78000000E+00 -0.24000000E+00  0.00000000E+00  0.25041320E+01  0.25145660E+01  0.00000000E+00  0.25145660E+01  0.10434000E-01
 0.84000000E+00 -0.24000000E+00  0.00000000E+00  0.24993331E+01  0.25121665E+01  0.00000000E+00  0.25121665E+01  0.12833460E-01
-0.84000000E+00 -0.18000000E+00  0.00000000E+00  0.25004955E+01  0.25127478E+01  0.00000000E+00  0.25127478E+01  0.12252230E-01
-0.78000000E+00 -0.18000000E+00  0.00000000E+00  0.25055237E+01  0.25152618E+01  0.00000000E+00  0.25152618E+01  0.97381500E-02
-0.72000000E+00 -0.18000000E+00  0.00000000E+00  0.25110595E+01  0.25180298E+01  0.00000000E+00  0.25180298E+01  0.69702600E-02
-0.66000000E+00 -0.18000000E+00  0.00000000E+00  0.25170350E+01  0.25210175E+01  0.00000000E+00  0.25210175E+01  0.39824800E-02
-0.60000000E+00 -0.18000000E+00  0.00000000E+00  0.25233518E+01  0.25241759E+01  0.00000000E+00  0.25241759E+01  0.82410000E-03
-0.54000000E+00 -0.18000000E+00  0.00000000E+00  0.25298812E+01  0.25274406E+01  0.00000000E+00  0.25274406E+01 -0.24405800E-02
-0.48000000E+00 -0.18000000E+00  0.00000000E+00  0.25364672E+01  0.25307336E+01  0.00000000E+00  0.25307336E+01 -0.57336000E-02
-0.42000000E+00 -0.18000000E+00  0.00000000E+00  0.25429318E+01  0.25339659E+01  0.00000000E+00  0.25339659E+01 -0.89658800E-02
-0.36000000E+00 -0.18000000E+00  0.00000000E+00  0.25490818E+01  0.25370409E+01  0.00000000E+00  0.25370409E+01 -0.12040910E-01
-0.30000000E+00 -0.18000000E+00  0.00000000E+00  0.25547186E+01  0.25398593E+01  0.00000000E+00  0.25398593E+01 -0.14859330E-01
-0.24000000E+00 -0.18000000E+00  0.00000000E+00  0.25596482E+01  0.25423241E+01  0.00000000E+00  0.25423241E+01 -0.17324080E-01
-0.18000000E+00 -0.18000000E+00  0.00000000E+00  0.25636920E+01  0.25443460E+01  0.00000000E+00  0.25443460E+01 -0.19346020E-01
-0.12000000E+00 -0.18000000E+00  0.00000000E+00  0.25666983E+01  0.25458491E+01  0.00000000E+00  0.25458491E+01 -0.20849130E-01
-0.60000000E-01 -0.18000000E+00  0.00000000E+00  0.25685507E+01  0.25467753E+01  0.00000000E+00  0.25467753E+01 -0.21775350E-01
 0.00000000E+00 -0.18000000E+00  0.00000000E+00  0.25691765E+01  0.25470882E+01  0.00000000E+00  0.25470882E+01 -0.22088220E-01
 0.60000000E-01 -0.18000000E+00  0.00000000E+00  0.25685507E+01  0.25467753E+01  0.00000000E+00  0.25467753E+01 -0.21775350E-01
 0.12000000E+00 -0.18000000E+00  0.00000000E+00  0.25666983E+01  0.25458491E+01  0.00000000E+00  0.25458491E+01 -0.20849130E-01
 0.18000000E+00 -0.18000000E+00  0.00000000E+00  0.25636920E+01  0.25443460E+01  0.00000000E+00  0.25443460E+01 -0.19346020E-01
 0.24000000E+00 -0.18000000E+00  0.00000000E+00  0.25596482E+01  0.25423241E+01  0.00000000E+00  0.25423241E+01 -0.17324080E-01
 0.30000000E+00 -0.18000000E+00  0.00000000E+00  0.25547186E+01  0.25398593E+01  0.00000000E+00  0.25398593E+01 -0.14859330E-01
 0.36000000E+00 -0.18000000E+00  0.00000000E+00  0.25490818E+01  0.25370409E+01  0.00000000E+00  0.25370409E+01 -0.12040910E-01
 0.42000000E+00 -0.18000000E+00  0.00000000E+00  0.25429318E+01  0.25339659E+01  0.00000000E+00  0.25339659E+01 -0.89658800E-02
 0.48000000E+00 -0.18000000E+00  0.00000000E+00  0.25364672E+01  0.25307336E+01  0.00000000E+00  0.25307336E+01 -0.57336000E-02
 0.54000000E+00 -0.18000000E+00  0.00000000E+00  0.25298812E+01  0.25274406E+01  0.00000000E+00  0.25274406E+01 -0.24405800E-02
 0.60000000E+00 -0.18000000E+00  0.00000000E+00  0.25233518E+01  0.25241759E+01  0.00000000E+00  0.25241759E+01  0.82410000E-03
 0.66000000E+00 -0.18000000E+00  0.00000000E+00  0.25170350E+01  0.25210175E+01  0.00000000E+00  0.25210175E+01  0.39824800E-02
 0.72000000E+00 -0.18000000E+00  0.00000000E+00  0.25110595E+01  0.25180298E+01  0.00000000E+00  0.25180298E+01  0.69702600E-02
 0.78000000E+00 -0.18000000E+00  0.00000000E+00  0.25055237E+01  0.25152618E+01  0.00000000E+00  0.25152618E+01  0.97381500E-02
 0.84000000E+00 -0.18000000E+00  0.00000000E+00  0.25004955E+01  0.25127478E+01  0.00000000E+00  0.25127478E+01  0.12252230E-01
-0.84000000E+00 -0.12000000E+00  0.00000000E+00  0.25013597E+01  0.25131799E+01  0.00000000E+00  0.25131799E+01  0.11820150E-01
-0.78000000E+00 -0.12000000E+00  0.00000000E+00  0.25065583E+01  0.25157792E+01  0.00000000E+00  0.25157792E+01  0.92208400E-02
-0.72000000E+00 -0.12000000E+00  0.00000000E+00  0.25122817E+01  0.25186409E+01  0.00000000E+00  0.25186409E+01  0.63591400E-02
-0.66000000E+00 -0.12000000E+00  0.00000000E+00  0.25184598E+01  0.25217299E+01  0.00000000E+00  0.25217299E+01  0.32700900E-02
-0.60000000E+00 -0.12000000E+00  0.00000000E+00  0.25249907E+01  0.25249954E+01  0.00000000E+00  0.25249954E+01  0.46600000E-05
-0.54000000E+00 -0.12000000E+00  0.00000000E+00  0.25317414E+01  0.25283707E+01  0.00000000E+00  0.25283707E+01 -0.33706900E-02
-0.48000000E+00 -0.12000000E+00  0.00000000E+00  0.25385506E+01  0.25317753E+01  0.00000000E+00  0.25317753E+01 -0.67753200E-02
-0.42000000E+00 -0.12000000E+00  0.00000000E+00  0.25452343E+01  0.25351172E+01  0.00000000E+00  0.25351172E+01 -0.10117150E-01
-0.36000000E+00 -0.12000000E+00  0.00000000E+00  0.25515928E+01  0.25382964E+01  0.00000000E+00  0.25382964E+01 -0.13296410E-01
-0.30000000E+00 -0.12000000E+00  0.00000000E+00  0.25574207E+01  0.25412104E+01  0.00000000E+00  0.25412104E+01 -0.16210360E-01
-0.24000000E+00 -0.12000000E+00  0.00000000E+00  0.25625173E+01  0.25437587E+01  0.00000000E+00  0.25437587E+01 -0.18758660E-01
-0.18000000E+00 -0.12000000E+00  0.00000000E+00  0.25666983E+01  0.25458491E+01  0.00000000E+00  0.25458491E+01 -0.20849130E-01
-0.12000000E+00 -0.12000000E+00  0.00000000E+00  0.25698064E+01  0.25474032E+01  0.00000000E+00  0.25474032E+01 -0.22403190E-01
-0.60000000E-01 -0.12000000E+00  0.00000000E+00  0.25717216E+01  0.25483608E+01  0.00000000E+00  0.25483608E+01 -0.23360800E-01
 0.00000000E+00 -0.12000000E+00  0.00000000E+00  0.25723686E+01  0.25486843E+01  0.00000000E+00  0.25486843E+01 -0.23684280E-01
 0.60000000E-01 -0.12000000E+00  0.00000000E+00  0.25717216E+01  0.25483608E+01  0.00000000E+00  0.25483608E+01 -0.23360800E-01
 0.12000000E+00 -0.12000000E+00  0.00000000E+00  0.25698064E+01  0.25474032E+01  0.00000000E+00  0.25474032E+01 -0.22403190E-01
 0.18000000E+00 -0.12000000E+00  0.00000000E+00  0.25666983E+01  0.25458491E+01  0.00000000E+00  0.25458491E+01 -0.20849130E-01
 0.24000000E+00 -0.12000000E+00  0.00000000E+00  0.25625173E+01  0.25437587E+01  0.00000000E+00  0.25437587E+01 -0.18758660E-01
 0.30000000E+00 -0.12000000E+00  0.00000000E+00  0.25574207E+01  0.25412104E+01  0.00000000E+00  0.25412104E+01 -0.16210360E-01
 0.36000000E+00 -0.12000000E+00  0.00000000E+00  0.25515928E+01  0.25382964E+01  0.00000000E+00  0.25382964E+01 -0.13296410E-01
 0.42000000E+00 -0.12000000E+00  0.00000000E+00  0.25452343E+01  0.25351172E+01  0.00000000E+00  0.25351172E+01 -0.10117150E-01
 0.48000000E+00 -0.12000000E+00  0.00000000E+00  0.25385506E+01  0.25317753E+01  0.00000000E+00  0.25317753E+01 -0.67753200E-02
 0.54000000E+00 -0.12000000E+00  0.00000000E+00  0.25317414E+01  0.25283707E+01  0.00000000E+00  0.25283707E+01 -0.33706900E-02
 0.60000000E+00 -0.12000000E+00  0.00000000E+00  0.25249907E+01  0.25249954E+01  0.00000000E+00  0.25249954E+01  0.46600000E-05
 0.66000000E+00 -0.12000000E+00  0.00000000E+00  0.25184598E+01  0.25217299E+01  0.00000000E+00  0.25217299E+01  0.32700900E-02
 0.72000000E+00 -0.12000000E+00  0.00000000E+00  0.25122817E+01  0.25186409E+01  0.00000000E+00  0.25186409E+01  0.63591400E-02
 0.78000000E+00 -0.12000000E+00  0.00000000E+00  0.25065583E+01  0.25157792E+01  0.00000000E+00  0.25157792E+01  0.92208400E-02
 0.84000000E+00 -0.12000000E+00  0.00000000E+00  0.25013597E+01  0.25131799E+01  0.00000000E+00  0.25131799E+01  0.11820150E-01
-0.84000000E+00 -0.60000000E-01  0.00000000E+00  0.25018922E+01  0.25134461E+01  0.00000000E+00  0.25134461E+01  0.11553890E-01
-0.78000000E+00 -0.60000000E-01  0.00000000E+00  0.25071958E+01  0.25160979E+01  0.00000000E+00  0.25160979E+01  0.89020800E-02
-0.72000000E+00 -0.60000000E-01  0.00000000E+00  0.25130349E+01  0.25190174E+01  0.00000000E+00  0.25190174E+01  0.59825600E-02
-0.66000000E+00 -0.60000000E-01  0.00000000E+00  0.25193378E+01  0.25221689E+01  0.00000000E+00  0.25221689E+01  0.28311100E-02
-0.60000000E+00 -0.60000000E-01  0.00000000E+00  0.25260006E+01  0.25255003E+01  0.00000000E+00  0.25255003E+01 -0.50028000E-03
-0.54000000E+00 -0.60000000E-01  0.00000000E+00  0.25328876E+01  0.25289438E+01  0.00000000E+00  0.25289438E+01 -0.39438100E-02
-0.48000000E+00 -0.60000000E-01  0.00000000E+00  0.25398344E+01  0.25324172E+01  0.00000000E+00  0.25324172E+01 -0.74172100E-02
-0.42000000E+00 -0.60000000E-01  0.00000000E+00  0.25466531E+01  0.25358266E+01  0.00000000E+00  0.25358266E+01 -0.10826560E-01
-0.36000000E+00 -0.60000000E-01  0.00000000E+00  0.25531401E+01  0.25390701E+01  0.00000000E+00  0.25390701E+01 -0.14070050E-01
-0.30000000E+00 -0.60000000E-01  0.00000000E+00  0.25590857E+01  0.25420429E+01  0.00000000E+00  0.25420429E+01 -0.17042870E-01
-0.24000000E+00 -0.60000000E-01  0.00000000E+00  0.25642853E+01  0.25446427E+01  0.00000000E+00  0.25446427E+01 -0.19642650E-01
-0.18000000E+00 -0.60000000E-01  0.00000000E+00  0.25685507E+01  0.25467753E+01  0.00000000E+00  0.25467753E+01 -0.21775350E-01
-0.12000000E+00 -0.60000000E-01  0.00000000E+00  0.25717216E+01  0.25483608E+01  0.00000000E+00  0.25483608E+01 -0.23360800E-01
-0.60000000E-01 -0.60000000E-01  0.00000000E+00  0.25736755E+01  0.25493378E+01  0.00000000E+00  0.25493378E+01 -0.24337760E-01
 0.00000000E+00 -0.60000000E-01  0.00000000E+00  0.25743355E+01  0.25496678E+01  0.00000000E+00  0.25496678E+01 -0.24667770E-01
 0.60000000E-01 -0.60000000E-01  0.00000000E+00  0.25736755E+01  0.25493378E+01  0.00000000E+00  0.25493378E+01 -0.24337760E-01
 0.12000000E+00 -0.60000000E-01  0.00000000E+00  0.25717216E+01  0.25483608E+01  0.00000000E+00  0.25483608E+01 -0.23360800E-01
 0.18000000E+00 -0.60000000E-01  0.00000000E+00  0.25685507E+01  0.25467753E+01  0.00000000E+00  0.25467753E+01 -0.21775350E-01
 0.24000000E+00 -0.60000000E-01  0.00000000E+00  0.25642853E+01  0.25446427E+01  0.00000000E+00  0.25446427E+01 -0.19642650E-01
 0.30000000E+00 -0.60000000E-01  0.00000000E+00  0.25590857E+01  0.25420429E+01  0.00000000E+00  0.25420429E+01 -0.17042870E-01
 0.36000000E+00 -0.60000000E-01  0.00000000E+00  0.25531401E+01  0.25390701E+01  0.00000000E+00  0.25390701E+01 -0.14070050E-01
 0.42000000E+00 -0.60000000E-01  0.00000000E+00  0.25466531E+01  0.25358266E+01  0.00000000E+00  0.25358266E+01 -0.10826560E-01
 0.48000000E+00 -0.60000000E-01  0.00000000E+00  0.25398344E+01  0.25324172E+01  0.00000000E+00  0.25324172E+01 -0.74172100E-02
 0.54000000E+00 -0.60000000E-01  0.00000000E+00  0.25328876E+01  0.25289438E+01  0.00000000E+00  0.25289438E+01 -0.39438100E-02
 0.60000000E+00 -0.60000000E-01  0.00000000E+00  0.25260006E+01  0.25255003E+01  0.00000000E+00  0.25255003E+01 -0.50028000E-03
 0.66000000E+00 -0.60000000E-01  0.00000000E+00  0.25193378E+01  0.25221689E+01  0.00000000E+00  0.25221689E+01  0.28311100E-02
 0.72000000E+00 -0.60000000E-01  0.00000000E+00  0.25130349E+01  0.25190174E+01  0.00000000E+00  0.25190174E+01  0.59825600E-02
 0.78000000E+00 -0.60000000E-01  0.00000000E+00  0.25071958E+01  0.25160979E+01  0.00000000E+00  0.25160979E+01  0.89020800E-02
 0.84000000E+00 -0.60000000E-01  0.00000000E+00  0.25018922E+01  0.25134461E+01  0.00000000E+00  0.25134461E+01  0.11553890E-01
-0.84000000E+00  0.00000000E+00  0.00000000E+00  0.25020721E+01  0.25135360E+01  0.00000000E+00  0.25135360E+01  0.11463950E-01
-0.78000000E+00  0.00000000E+00  0.00000000E+00  0.25074112E+01  0.25162056E+01  0.00000000E+00  0.25162056E+01  0.87944100E-02
-0.72000000E+00  0.00000000E+00  0.00000000E+00  0.25132893E+01  0.25191446E+01  0.00000000E+00  0.25191446E+01  0.58553500E-02
-0.66000000E+00  0.00000000E+00  0.00000000E+00  0.25196343E+01  0.25223172E+01  0.00000000E+00  0.25223172E+01  0.26828300E-02
-0.60000000E+00  0.00000000E+00  0.00000000E+00  0.25263417E+01  0.25256709E+01  0.00000000E+00  0.25256709E+01 -0.67085000E-03
-0.54000000E+00  0.00000000E+00  0.00000000E+00  0.25332748E+01  0.25291374E+01  0.00000000E+00  0.25291374E+01 -0.41374200E-02
-0.48000000E+00  0.00000000E+00  0.00000000E+00  0.25402681E+01  0.25326340E+01  0.00000000E+00  0.25326340E+01 -0.76340600E-02
-0.42000000E+00  0.00000000E+00  0.00000000E+00  0.25471324E+01  0.25360662E+01  0.00000000E+00  0.25360662E+01 -0.11066200E-01
-0.36000000E+00  0.00000000E+00  0.00000000E+00  0.25536628E+01  0.25393314E+01  0.00000000E+00  0.25393314E+01 -0.14331400E-01
-0.30000000E+00  0.00000000E+00  0.00000000E+00  0.25596482E+01  0.25423241E+01  0.00000000E+00  0.25423241E+01 -0.17324080E-01
-0.24000000E+00  0.00000000E+00  0.00000000E+00  0.25648825E+01  0.25449413E+01  0.00000000E+00  0.25449413E+01 -0.19941260E-01
-0.18000000E+00  0.00000000E+00  0.00000000E+00  0.25691765E+01  0.25470882E+01  0.00000000E+00  0.25470882E+01 -0.22088220E-01
-0.12000000E+00  0.00000000E+00  0.00000000E+00  0.25723686E+01  0.25486843E+01  0.00000000E+00  0.25486843E+01 -0.23684280E-01
-0.60000000E-01  0.00000000E+00  0.00000000E+00  0.25743355E+01  0.25496678E+01  0.00000000E+00  0.25496678E+01 -0.24667770E-01
 0.00000000E+00  0.00000000E+00  0.00000000E+00  0.25750000E+01  0.25500000E+01  0.00000000E+00  0.25500000E+01 -0.25000000E-01
 0.60000000E-01  0.00000000E+00  0.00000000E+00  0.25743355E+01  0.25496678E+01  0.00000000E+00  0.25496678E+01 -0.24667770E-01
 0.12000000E+00  0.00000000E+00  0.00000000E+00  0.25723686E+01  0.25486843E+01  0.00000000E+00  0.25486843E+01 -0.23684280E-01
 0.18000000E+00  0.00000000E+00  0.00000000E+00  0.25691765E+01  0.25470882E+01  0.00000000E+00  0.25470882E+01 -0.22088220E-01
 0.24000000E+00  0.00000000E+00  0.00000000E+00  0.25648825E+01  0.25449413E+01  0.00000000E+00  0.25449413E+01 -0.19941260E-01
 0.30000000E+00  0.00000000E+00  0.00000000E+00  0.25596482E+01  0.25423241E+01  0.00000000E+00  0.25423241E+01 -0.17324080E-01
 0.36000000E+00  0.00000000E+00  0.00000000E+00  0.25536628E+01  0.25393314E+01  0.00000000E+00  0.25393314E+01 -0.14331400E-01
 0.42000000E+00  0.00000000E+00  0.00000000E+00  0.25471324E+01  0.25360662E+01  0.00000000E+00  0.25360662E+01 -0.11066200E-01
 0.48000000E+00  0.00000000E+00  0.00000000E+00  0.25402681E+01  0.25326340E+01  0.00000000E+00  0.25326340E+01 -0.76340600E-02
 0.54000000E+00  0.00000000E+00  0.00000000E+00  0.25332748E+01  0.25291374E+01  0.00000000E+00  0.25291374E+01 -0.41374200E-02
 0.60000000E+00  0.00000000E+00  0.00000000E+00  0.25263417E+01  0.25256709E+01  0.00000000E+00  0.25256709E+01 -0.67085000E-03
 0.66000000E+00  0.00000000E+00  0.00000000E+00  0.25196343E+01  0.25223172E+01  0.00000000E+00  0.25223172E+01  0.26828300E-02
 0.72000000E+00  0.00000000E+00  0.00000000E+00  0.25132893E+01  0.25191446E+01  0.00000000E+00  0.25191446E+01  0.58553500E-02
 0.78000000E+00  0.00000000E+00  0.00000000E+00  0.25074112E+01  0.25162056E+01  0.00000000E+00  0.25162056E+01  0.87944100E-02
 0.84000000E+00  0.00000000E+00  0.00000000E+00  0.25020721E+01  0.25135360E+01  0.00000000E+00  0.25135360E+01  0.11463950E-01
-0.84000000E+00  0.60000000E-01  0.00000000E+00  0.25018922E+01  0.25134461E+01  0.00000000E+00  0.25134461E+01  0.11553890E-01
-0.78000000E+00  0.60000000E-01  0.00000000E+00  0.25071958E+01  0.25160979E+01  0.00000000E+00  0.25160979E+01  0.89020800E-02
-0.72000000E+00  0.60000000E-01  0.00000000E+00  0.25130349E+01  0.25190174E+01  0.00000000E+00  0.25190174E+01  0.59825600E-02
-0.66000000E+00  0.60000000E-01  0.00000000E+00  0.25193378E+01  0.25221689E+01  0.00000000E+00  0.25221689E+01  0.28311100E-02
-0.60000000E+00  0.60000000E-01  0.00000000E+00  0.25260006E+01  0.25255003E+01  0.00000000E+00  0.25255003E+01 -0.50028000E-03
-0.54000000E+00  0.60000000E-01  0.00000000E+00  0.25328876E+01  0.25289438E+01  0.00000000E+00  0.25289438E+01 -0.39438100E-02
-0.48000000E+00  0.60000000E-01  0.00000000E+00  0.25398344E+01  0.25324172E+01  0.00000000E+00  0.25324172E+01 -0.74172100E-02
-0.42000000E+00  0.60000000E-01  0.00000000E+00  0.25466531E+01  0.25358266E+01  0.00000000E+00  0.25358266E+01 -0.10826560E-01
-0.36000000E+00  0.60000000E-01  0.00000000E+00  0.25531401E+01  0.25390701E+01  0.00000000E+00  0.25390701E+01 -0.14070050E-01
-0.30000000E+00  0.60000000E-01  0.00000000E+00  0.25590857E+01  0.25420429E+01  0.00000000E+00  0.25420429E+01 -0.17042870E-01
-0.24000000E+00  0.60000000E-01  0.00000000E+00  0.25642853E+01  0.25446427E+01  0.00000000E+00  0.25446427E+01 -0.19642650E-01
-0.18000000E+00  0.60000000E-01  0.00000000E+00  0.25685507E+01  0.25467753E+01  0.00000000E+00  0.25467753E+01 -0.21775350E-01
-0.12000000E+00  0.60000000E-01  0.00000000E+00  0.25717216E+01  0.25483608E+01  0.00000000E+00  0.25483608E+01 -0.23360800E-01
-0.60000000E-01  0.60000000E-01  0.00000000E+00  0.25736755E+01  0.25493378E+01  0.00000000E+00  0.25493378E+01 -0.24337760E-01
 0.00000000E+00  0.60000000E-01  0.00000000E+00  0.25743355E+01  0.25496678E+01  0.00000000E+00  0.25496678E+01 -0.24667770E-01
 0.60000000E-01  0.60000000E-01  0.00000000E+00  0.25736755E+01  0.25493378E+01  0.00000000E+00  0.25493378E+01 -0.24337760E-01
 0.12000000E+00  0.60000000E-01  0.00000000E+00  0.25717216E+01  0.25483608E+01  0.00000000E+00  0.25483608E+01 -0.23360800E-01
 0.18000000E+00  0.60000000E-01  0.00000000E+00  0.25685507E+01  0.25467753E+01  0.00000000E+00  0.25467753E+01 -0.21775350E-01
 0.24000000E+00  0.60000000E-01  0.00000000E+00  0.25642853E+01  0.25446427E+01  0.00000000E+00  0.25446427E+01 -0.19642650E-01
 0.30000000E+00  0.60000000E-01  0.00000000E+00  0.25590857E+01  0.25420429E+01  0.00000000E+00  0.25420429E+01 -0.17042870E-01
 0.36000000E+00  0.60000000E-01  0.00000000E+00  0.25531401E+01  0.25390701E+01  0.00000000E+00  0.25390701E+01 -0.14070050E-01
 0.42000000E+00  0.60000000E-01  0.00000000E+00  0.25466531E+01  0.25358266E+01  0.00000000E+00  0.25358266E+01 -0.10826560E-01
 0.48000000E+00  0.60000000E-01  0.00000000E+00  0.25398344E+01  0.25324172E+01  0.00000000E+00  0.25324172E+01 -0.74172100E-02
 0.54000000E+00  0.60000000E-01  0.00000000E+00  0.25328876E+01  0.25289438E+01  0.00000000E+00  0.25289438E+01 -0.39438100E-02
 0.60000000E+00  0.60000000E-01  0.00000000E+00  0.25260006E+01  0.25255003E+01  0.00000000E+00  0.25255003E+01 -0.50028000E-03
 0.66000000E+00  0.60000000E-01  0.00000000E+00  0.25193378E+01  0.25221689E+01  0.00000000E+00  0.25221689E+01  0.28311100E-02
 0.72000000E+00  0.60000000E-01  0.00000000E+00  0.25130349E+01  0.25190174E+01  0.00000000E+00  0.25190174E+01  0.59825600E-02
 0.78000000E+00  0.60000000E-01  0.00000000E+00  0.25071958E+01  0.25160979E+01  0.00000000E+00  0.25160979E+01  0.89020800E-02
 0.84000000E+00  0.60000000E-01  0.00000000E+00  0.25018922E+01  0.25134461E+01  0.00000000E+00  0.25134461E+01  0.11553890E-01
-0.84000000E+00  0.12000000E+00  0.00000000E+00  0.25013597E+01  0.25131799E+01  0.00000000E+00  0.25131799E+01  0.11820150E-01
-0.78000000E+00  0.12000000E+00  0.00000000E+00  0.25065583E+01  0.25157792E+01  0.00000000E+00  0.25157792E+01  0.92208400E-02
-0.72000000E+00  0.12000000E+00  0.00000000E+00  0.25122817E+01  0.25186409E+01  0.00000000E+00  0.25186409E+01  0.63591400E-02
-0.66000000E+00  0.12000000E+00  0.00000000E+00  0.25184598E+01  0.25217299E+01  0.00000000E+00  0.25217299E+01  0.32700900E-02
-0.60000000E+00  0.12000000E+00  0.00000000E+00  0.25249907E+01  0.25249954E+01  0.00000000E+00  0.25249954E+01  0.46600000E-05
-0.54000000E+00  0.12000000E+00  0.00000000E+00  0.25317414E+01  0.25283707E+01  0.00000000E+00  0.25283707E+01 -0.33706900E-02
-0.48000000E+00  0.12000000E+00  0.00000000E+00  0.25385506E+01  0.25317753E+01  0.00000000E+00  0.25317753E+01 -0.67753200E-02
-0.42000000E+00  0.12000000E+00  0.00000000E+00  0.25452343E+01  0.25351172E+01  0.00000000E+00  0.25351172E+01 -0.10117150E-01
-0.36000000E+00  0.12000000E+00  0.00000000E+00  0.25515928E+01  0.25382964E+01  0.00000000E+00  0.25382964E+01 -0.13296410E-01
-0.30000000E+00  0.12000000E+00  0.00000000E+00  0.25574207E+01  0.25412104E+01  0.00000000E+00  0.25412104E+01 -0.16210360E-01
-0.24000000E+00  0.12000000E+00  0.00000000E+00  0.25625173E+01  0.25437587E+01  0.00000000E+00  0.25437587E+01 -0.18758660E-01
-0.18000000E+00  0.12000000E+00  0.00000000E+00  0.25666983E+01  0.25458491E+01  0.00000000E+00  0.25458491E+01 -0.20849130E-01
-0.12000000E+00  0.12000000E+00  0.00000000E+00  0.25698064E+01  0.25474032E+01  0.00000000E+00  0.25474032E+01 -0.22403190E-01
-0.60000000E-01  0.12000000E+00  0.00000000E+00  0.25717216E+01  0.25483608E+01  0.00000000E+00  0.25483608E+01 -0.23360800E-01
 0.00000000E+00  0.12000000E+00  0.00000000E+00  0.25723686E+01  0.25486843E+01  0.00000000E+00  0.25486843E+01 -0.23684280E-01
 0.60000000E-01  0.12000000E+00  0.00000000E+00  0.25717216E+01  0.25483608E+01  0.00000000E+00  0.25483608E+01 -0.23360800E-01
 0.12000000E+00  0.12000000E+00  0.00000000E+00  0.25698064E+01  0.25474032E+01  0.00000000E+00  0.25474032E+01 -0.22403190E-01
 0.18000000E+00  0.12000000E+00  0.00000000E+00  0.25666983E+01  0.25458491E+01  0.00000000E+00  0.25458491E+01 -0.20849130E-01
 0.24000000E+00  0.12000000E+00  0.00000000E+00  0.25625173E+01  0.25437587E+01  0.00000000E+00  0.25437587E+01 -0.18758660E-01
 0.30000000E+00  0.12000000E+00  0.00000000E+00  0.25574207E+01  0.25412104E+01  0.00000000E+00  0.25412104E+01 -0.16210360E-01
 0.36000000E+00  0.12000000E+00  0.00000000E+00  0.25515928E+01  0.25382964E+01  0.00000000E+00  0.25382964E+01 -0.13296410E-01
 0.42000000E+00  0.12000000E+00  0.00000000E+00  0.25452343E+01  0.25351172E+01  0.00000000E+00  0.25351172E+01 -0.10117150E-01
 0.48000000E+00  0.12000000E+00  0.00000000E+00  0.25385506E+01  0.25317753E+01  0.00000000E+00  0.25317753E+01 -0.67753200E-02
 0.54000000E+00  0.12000000E+00  0.00000000E+00  0.25317414E+01  0.25283707E+01  0.00000000E+00  0.25283707E+01 -0.33706900E-02
 0.60000000E+00  0.12000000E+00  0.00000000E+00  0.25249907E+01  0.25249954E+01  0.00000000E+00  0.25249954E+01  0.46600000E-05
 0.66000000E+00  0.12000000E+00  0.00000000E+00  0.25184598E+01  0.25217299E+01  0.00000000E+00  0.25217299E+01  0.32700900E-02
 0.72000000E+00  0.12000000E+00  0.00000000E+00  0.25122817E+01  0.25186409E+01  0.00000000E+00  0.25186409E+01  0.63591400E-02
 0.78000000E+00  0.12000000E+00  0.00000000E+00  0.25065583E+01  0.25157792E+01  0.00000000E+00  0.25157792E+01  0.92208400E-02
 0.84000000E+00  0.12000000E+00  0.00000000E+00  0.25013597E+01  0.25131799E+01  0.00000000E+00  0.25131799E+01  0.11820150E-01
-0.84000000E+00  0.18000000E+00  0.00000000E+00  0.25004955E+01  0.25127478E+01  0.00000000E+00  0.25127478E+01  0.12252230E-01
-0.78000000E+00  0.18000000E+00  0.00000000E+00  0.25055237E+01  0.25152618E+01  0.00000000E+00  0.25152618E+01  0.97381500E-02
-0.72000000E+00  0.18000000E+00  0.00000000E+00  0.25110595E+01  0.25180298E+01  0.00000000E+00  0.25180298E+01  0.69702600E-02
-0.66000000E+00  0.18000000E+00  0.00000000E+00  0.25170350E+01  0.25210175E+01  0.00000000E+00  0.25210175E+01  0.39824800E-02
-0.60000000E+00  0.18000000E+00  0.00000000E+00  0.25233518E+01  0.25241759E+01  0.00000000E+00  0.25241759E+01  0.82410000E-03
-0.54000000E+00  0.18000000E+00  0.00000000E+00  0.25298812E+01  0.25274406E+01  0.00000000E+00  0.25274406E+01 -0.24405800E-02
-0.48000000E+00  0.18000000E+00  0.00000000E+00  0.25364672E+01  0.25307336E+01  0.00000000E+00  0.25307336E+01 -0.57336000E-02
-0.42000000E+00  0.18000000E+00  0.00000000E+00  0.25429318E+01  0.25339659E+01  0.00000000E+00  0.25339659E+01 -0.89658800E-02
-0.36000000E+00  0.18000000E+00  0.00000000E+00  0.25490818E+01  0.25370409E+01  0.00000000E+00  0.25370409E+01 -0.12040910E-01
-0.30000000E+00  0.18000000E+00  0.00000000E+00  0.25547186E+01  0.25398593E+01  0.00000000E+00  0.25398593E+01 -0.14859330E-01
-0.24000000E+00  0.18000000E+00  0.00000000E+00  0.25596482E+01  0.25423241E+01  0.00000000E+00  0.25423241E+01 -0.17324080E-01
-0.18000000E+00  0.18000000E+00  0.00000000E+00  0.25636920E+01  0.25443460E+01  0.00000000E+00  0.25443460E+01 -0.19346020E-01
-0.12000000E+00  0.18000000E+00  0.00000000E+00  0.25666983E+01  0.25458491E+01  0.00000000E+00  0.25458491E+01 -0.20849130E-01
-0.60000000E-01  0.18000000E+00  0.00000000E+00  0.25685507E+01  0.25467753E+01  0.00000000E+00  0.25467753E+01 -0.21775350E-01
 0.00000000E+00  0.18000000E+00  0.00000000E+00  0.25691765E+01  0.25470882E+01  0.00000000E+00  0.25470882E+01 -0.22088220E-01
 0.60000000E-01  0.18000000E+00  0.00000000E+00  0.25685507E+01  0.25467753E+01  0.00000000E+00  0.25467753E+01 -0.21775350E-01
 0.12000000E+00  0.18000000E+00  0.00000000E+00  0.25666983E+01  0.25458491E+01  0.00000000E+00  0.25458491E+01 -0.20849130E-01
 0.18000000E+00  0.18000000E+00  0.00000000E+00  0.25636920E+01  0.25443460E+01  0.00000000E+00  0.25443460E+01 -0.19346020E-01
 0.24000000E+00  0.18000000E+00  0.00000000E+00  0.25596482E+01  0.25423241E+01  0.00000000E+00  0.25423241E+01 -0.17324080E-01
 0.30000000E+00  0.18000000E+00  0.00000000E+00  0.25547186E+01  0.25398593E+01  0.00000000E+00  0.25398593E+01 -0.14859330E-01
 0.36000000E+00  0.18000000E+00  0.00000000E+00  0.25490818E+01  0.25370409E+01  0.00000000E+00  0.25370409E+01 -0.12040910E-01
 0.42000000E+00  0.18000000E+00  0.00000000E+00  0.25429318E+01  0.25339659E+01  0.00000000E+00  0.25339659E+01 -0.89658800E-02
 0.48000000E+00  0.18000000E+00  0.00000000E+00  0.25364672E+01  0.25307336E+01  0.00000000E+00  0.25307336E+01 -0.57336000E-02
 0.54000000E+00  0.18000000E+00  0.00000000E+00  0.25298812E+01  0.25274406E+01  0.00000000E+00  0.25274406E+01 -0.24405800E-02
 0.60000000E+00  0.18000000E+00  0.00000000E+00  0.25233518E+01  0.25241759E+01  0.00000000E+00  0.25241759E+01  0.82410000E-03
 0.66000000E+00  0.18000000E+00  0.00000000E+00  0.25170350E+01  0.25210175E+01  0.00000000E+00  0.25210175E+01  0.39824800E-02
 0.72000000E+00  0.18000000E+00  0.00000000E+00  0.25110595E+01  0.25180298E+01  0.00000000E+00  0.25180298E+01  0.69702600E-02
 0.78000000E+00  0.18000000E+00  0.00000000E+00  0.25055237E+01  0.25152618E+01  0.00000000E+00  0.25152618E+01  0.97381500E-02
 0.84000000E+00  0.18000000E+00  0.00000000E+00  0.25004955E+01  0.25127478E+01  0.00000000E+00  0.25127478E+01  0.12252230E-01
-0.84000000E+00  0.24000000E+00  0.00000000E+00  0.24993331E+01  0.25121665E+01  0.00000000E+00  0.25121665E+01  0.12833460E-01
-0.78000000E+00  0.24000000E+00  0.00000000E+00  0.25041320E+01  0.25145660E+01  0.00000000E+00  0.25145660E+01  0.10434000E-01
-0.72000000E+00  0.24000000E+00  0.00000000E+00  0.25094154E+01  0.25172077E+01  0.00000000E+00  0.25172077E+01  0.77923100E-02
-0.66000000E+00  0.24000000E+00  0.00000000E+00  0.25151185E+01  0.25200592E+01  0.00000000E+00  0.25200592E+01  0.49407700E-02
-0.60000000E+00  0.24000000E+00  0.00000000E+00  0.25211472E+01  0.25230736E+01  0.00000000E+00  0.25230736E+01  0.19263800E-02
-0.54000000E+00  0.24000000E+00  0.00000000E+00  0.25273789E+01  0.25261894E+01  0.00000000E+00  0.25261894E+01 -0.11894400E-02
-0.48000000E+00  0.24000000E+00  0.00000000E+00  0.25336646E+01  0.25293323E+01  0.00000000E+00  0.25293323E+01 -0.43323100E-02
-0.42000000E+00  0.24000000E+00  0.00000000E+00  0.25398344E+01  0.25324172E+01  0.00000000E+00  0.25324172E+01 -0.74172100E-02
-0.36000000E+00  0.24000000E+00  0.00000000E+00  0.25457041E+01  0.25353521E+01  0.00000000E+00  0.25353521E+01 -0.10352050E-01
-0.30000000E+00  0.24000000E+00  0.00000000E+00  0.25510839E+01  0.25380420E+01  0.00000000E+00  0.25380420E+01 -0.13041950E-01
-0.24000000E+00  0.24000000E+00  0.00000000E+00  0.25557887E+01  0.25403943E+01  0.00000000E+00  0.25403943E+01 -0.15394340E-01
-0.18000000E+00  0.24000000E+00  0.00000000E+00  0.25596482E+01  0.25423241E+01  0.00000000E+00  0.25423241E+01 -0.17324080E-01
-0.12000000E+00  0.24000000E+00  0.00000000E+00  0.25625173E+01  0.25437587E+01  0.00000000E+00  0.25437587E+01 -0.18758660E-01
-0.60000000E-01  0.24000000E+00  0.00000000E+00  0.25642853E+01  0.25446427E+01  0.00000000E+00  0.25446427E+01 -0.19642650E-01
 0.00000000E+00  0.24000000E+00  0.00000000E+00  0.25648825E+01  0.25449413E+01  0.00000000E+00  0.25449413E+01 -0.19941260E-01
 0.60000000E-01  0.24000000E+00  0.00000000E+00  0.25642853E+01  0.25446427E+01  0.00000000E+00  0.25446427E+01 -0.19642650E-01
 0.12000000E+00  0.24000000E+00  0.00000000E+00  0.25625173E+01  0.25437587E+01  0.00000000E+00  0.25437587E+01 -0.18758660E-01
 0.18000000E+00  0.24000000E+00  0.00000000E+00  0.25596482E+01  0.25423241E+01  0.00000000E+00  0.25423241E+01 -0.17324080E-01
 0.24000000E+00  0.24000000E+00  0.00000000E+00  0.25557887E+01  0.25403943E+01  0.00000000E+00  0.25403943E+01 -0.15394340E-01
 0.30000000E+00  0.24000000E+00  0.00000000E+00  0.25510839E+01  0.25380420E+01  0.00000000E+00  0.25380420E+01 -0.13041950E-01
 0.36000000E+00  0.24000000E+00  0.00000000E+00  0.25457041E+01  0.25353521E+01  0.00000000E+00  0.25353521E+01 -0.10352050E-01
 0.42000000E+00  0.24000000E+00  0.00000000E+00  0.25398344E+01  0.25324172E+01  0.00000000E+00  0.25324172E+01 -0.74172100E-02
 0.48000000E+00  0.24000000E+00  0.00000000E+00  0.25336646E+01  0.25293323E+01  0.00000000E+00  0.25293323E+01 -0.43323100E-02
 0.54000000E+00  0.24000000E+00  0.00000000E+00  0.25273789E+01  0.25261894E+01  0.00000000E+00  0.25261894E+01 -0.11894400E-02
 0.60000000E+00  0.24000000E+00  0.00000000E+00  0.25211472E+01  0.25230736E+01  0.00000000E+00  0.25230736E+01  0.19263800E-02
 0.66000000E+00  0.24000000E+00  0.00000000E+00  0.25151185E+01  0.25200592E+01  0.00000000E+00  0.25200592E+01  0.49407700E-02
 0.72000000E+00  0.24000000E+00  0.00000000E+00  0.25094154E+01  0.25172077E+01  0.00000000E+00  0.25172077E+01  0.77923100E-02
 0.78000000E+00  0.24000000E+00  0.00000000E+00  0.25041320E+01  0.25145660E+01  0.00000000E+00  0.25145660E+01  0.10434000E-01
 0.84000000E+00  0.24000000E+00  0.00000000E+00  0.24993331E+01  0.25121665E+01  0.00000000E+00  0.25121665E+01  0.12833460E-01
-0.84000000E+00  0.30000000E+00  0.00000000E+00  0.24979160E+01  0.25114580E+01  0.00000000E+00  0.25114580E+01  0.13541990E-01
-0.78000000E+00  0.30000000E+00  0.00000000E+00  0.25024355E+01  0.25137177E+01  0.00000000E+00  0.25137177E+01  0.11282270E-01
-0.72000000E+00  0.30000000E+00  0.00000000E+00  0.25074112E+01  0.25162056E+01  0.00000000E+00  0.25162056E+01  0.87944100E-02
-0.66000000E+00  0.30000000E+00  0.00000000E+00  0.25127822E+01  0.25188911E+01  0.00000000E+00  0.25188911E+01  0.61089300E-02
-0.60000000E+00  0.30000000E+00  0.00000000E+00  0.25184598E+01  0.25217299E+01  0.00000000E+00  0.25217299E+01  0.32700900E-02
-0.54000000E+00  0.30000000E+00  0.00000000E+00  0.25243286E+01  0.25246643E+01  0.00000000E+00  0.25246643E+01  0.33572000E-03
-0.48000000E+00  0.30000000E+00  0.00000000E+00  0.25302483E+01  0.25276241E+01  0.00000000E+00  0.25276241E+01 -0.26241300E-02
-0.42000000E+00  0.30000000E+00  0.00000000E+00  0.25360588E+01  0.25305294E+01  0.00000000E+00  0.25305294E+01 -0.55293800E-02
-0.36000000E+00  0.30000000E+00  0.00000000E+00  0.25415866E+01  0.25332933E+01  0.00000000E+00  0.25332933E+01 -0.82933000E-02
-0.30000000E+00  0.30000000E+00  0.00000000E+00  0.25466531E+01  0.25358266E+01  0.00000000E+00  0.25358266E+01 -0.10826560E-01
-0.24000000E+00  0.30000000E+00  0.00000000E+00  0.25510839E+01  0.25380420E+01  0.00000000E+00  0.25380420E+01 -0.13041950E-01
-0.18000000E+00  0.30000000E+00  0.00000000E+00  0.25547186E+01  0.25398593E+01  0.00000000E+00  0.25398593E+01 -0.14859330E-01
-0.12000000E+00  0.30000000E+00  0.00000000E+00  0.25574207E+01  0.25412104E+01  0.00000000E+00  0.25412104E+01 -0.16210360E-01
-0.60000000E-01  0.30000000E+00  0.00000000E+00  0.25590857E+01  0.25420429E+01  0.00000000E+00  0.25420429E+01 -0.17042870E-01
 0.00000000E+00  0.30000000E+00  0.00000000E+00  0.25596482E+01  0.25423241E+01  0.00000000E+00  0.25423241E+01 -0.17324080E-01
 0.60000000E-01  0.30000000E+00  0.00000000E+00  0.25590857E+01  0.25420429E+01  0.00000000E+00  0.25420429E+01 -0.17042870E-01
 0.12000000E+00  0.30000000E+00  0.00000000E+00  0.25574207E+01  0.25412104E+01  0.00000000E+00  0.25412104E+01 -0.16210360E-01
 0.18000000E+00  0.30000000E+00  0.00000000E+00  0.25547186E+01  0.25398593E+01  0.00000000E+00  0.25398593E+01 -0.14859330E-01
 0.24000000E+00  0.30000000E+00  0.00000000E+00  0.25510839E+01  0.25380420E+01  0.00000000E+00  0.25380420E+01 -0.13041950E-01
 0.30000000E+00  0.30000000E+00  0.00000000E+00  0.25466531E+01  0.25358266E+01  0.00000000E+00  0.25358266E+01 -0.10826560E-01
 0.36000000E+00  0.30000000E+00  0.00000000E+00  0.25415866E+01  0.25332933E+01  0.00000000E+00  0.25332933E+01 -0.82933000E-02
 0.42000000E+00  0.30000000E+00  0.00000000E+00  0.25360588E+01  0.25305294E+01  0.00000000E+00  0.25305294E+01 -0.55293800E-02
 0.48000000E+00  0.30000000E+00  0.00000000E+00  0.25302483E+01  0.25276241E+01  0.00000000E+00  0.25276241E+01 -0.26241300E-02
 0.54000000E+00  0.30000000E+00  0.00000000E+00  0.25243286E+01  0.25246643E+01  0.00000000E+00  0.25246643E+01  0.33572000E-03
 0.60000000E+00  0.30000000E+00  0.00000000E+00  0.25184598E+01  0.25217299E+01  0.00000000E+00  0.25217299E+01  0.32700900E-02
 0.66000000E+00  0.30000000E+00  0.00000000E+00  0.25127822E+01  0.25188911E+01  0.00000000E+00  0.25188911E+01  0.61089300E-02
 0.72000000E+00  0.30000000E+00  0.00000000E+00  0.25074112E+01  0.25162056E+01  0.00000000E+00  0.25162056E+01  0.87944100E-02
 0.78000000E+00  0.30000000E+00  0.00000000E+00  0.25024355E+01  0.25137177E+01  0.00000000E+00  0.25137177E+01  0.11282270E-01
 0.84000000E+00  0.30000000E+00  0.00000000E+00  0.24979160E+01  0.25114580E+01  0.00000000E+00  0.25114580E+01  0.13541990E-01
-0.78000000E+00  0.36000000E+00  0.00000000E+00  0.25004955E+01  0.25127478E+01  0.00000000E+00  0.25127478E+01  0.12252230E-01
-0.72000000E+00  0.36000000E+00  0.00000000E+00  0.25051194E+01  0.25150597E+01  0.00000000E+00  0.25150597E+01  0.99402900E-02
-0.66000000E+00  0.36000000E+00  0.00000000E+00  0.25101106E+01  0.25175553E+01  0.00000000E+00  0.25175553E+01  0.74446900E-02
-0.60000000E+00  0.36000000E+00  0.00000000E+00  0.25153868E+01  0.25201934E+01  0.00000000E+00  0.25201934E+01  0.48065900E-02
-0.54000000E+00  0.36000000E+00  0.00000000E+00  0.25208406E+01  0.25229203E+01  0.00000000E+00  0.25229203E+01  0.20797000E-02
-0.48000000E+00  0.36000000E+00  0.00000000E+00  0.25263417E+01  0.25256709E+01  0.00000000E+00  0.25256709E+01 -0.67085000E-03
-0.42000000E+00  0.36000000E+00  0.00000000E+00  0.25317414E+01  0.25283707E+01  0.00000000E+00  0.25283707E+01 -0.33706900E-02
-0.36000000E+00  0.36000000E+00  0.00000000E+00  0.25368783E+01  0.25309392E+01  0.00000000E+00  0.25309392E+01 -0.59391700E-02
-0.30000000E+00  0.36000000E+00  0.00000000E+00  0.25415866E+01  0.25332933E+01  0.00000000E+00  0.25332933E+01 -0.82933000E-02
-0.24000000E+00  0.36000000E+00  0.00000000E+00  0.25457041E+01  0.25353521E+01  0.00000000E+00  0.25353521E+01 -0.10352050E-01
-0.18000000E+00  0.36000000E+00  0.00000000E+00  0.25490818E+01  0.25370409E+01  0.00000000E+00  0.25370409E+01 -0.12040910E-01
-0.12000000E+00  0.36000000E+00  0.00000000E+00  0.25515928E+01  0.25382964E+01  0.00000000E+00  0.25382964E+01 -0.13296410E-01
-0.60000000E-01  0.36000000E+00  0.00000000E+00  0.25531401E+01  0.25390701E+01  0.00000000E+00  0.25390701E+01 -0.14070050E-01
 0.00000000E+00  0.36000000E+00  0.00000000E+00  0.25536628E+01  0.25393314E+01  0.00000000E+00  0.25393314E+01 -0.14331400E-01
 0.60000000E-01  0.36000000E+00  0.00000000E+00  0.25531401E+01  0.25390701E+01  0.00000000E+00  0.25390701E+01 -0.14070050E-01
 0.12000000E+00  0.36000000E+00  0.00000000E+00  0.25515928E+01  0.25382964E+01  0.00000000E+00  0.25382964E+01 -0.13296410E-01
 0.18000000E+00  0.36000000E+00  0.00000000E+00  0.25490818E+01  0.25370409E+01  0.00000000E+00  0.25370409E+01 -0.12040910E-01
 0.24000000E+00  0.36000000E+00  0.00000000E+00  0.25457041E+01  0.25353521E+01  0.00000000E+00  0.25353521E+01 -0.10352050E-01
 0.30000000E+00  0.36000000E+00  0.00000000E+00  0.25415866E+01  0.25332933E+01  0.00000000E+00  0.25332933E+01 -0.82933000E-02
 0.36000000E+00  0.36000000E+00  0.00000000E+00  0.25368783E+01  0.25309392E+01  0.00000000E+00  0.25309392E+01 -0.59391700E-02
 0.42000000E+00  0.36000000E+00  0.00000000E+00  0.25317414E+01  0.25283707E+01  0.00000000E+00  0.25283707E+01 -0.33706900E-02
 0.48000000E+00  0.36000000E+00  0.00000000E+00  0.25263417E+01  0.25256709E+01  0.00000000E+00  0.25256709E+01 -0.67085000E-03
 0.54000000E+00  0.36000000E+00  0.00000000E+00  0.25208406E+01  0.25229203E+01  0.00000000E+00  0.25229203E+01  0.20797000E-02
 0.60000000E+00  0.36000000E+00  0.00000000E+00  0.25153868E+01  0.25201934E+01  0.00000000E+00  0.25201934E+01  0.48065900E-02
 0.66000000E+00  0.36000000E+00  0.00000000E+00  0.25101106E+01  0.25175553E+01  0.00000000E+00  0.25175553E+01  0.74446900E-02
 0.72000000E+00  0.36000000E+00  0.00000000E+00  0.25051194E+01  0.25150597E+01  0.00000000E+00  0.25150597E+01  0.99402900E-02
 0.78000000E+00  0.36000000E+00  0.00000000E+00  0.25004955E+01  0.25127478E+01  0.00000000E+00  0.25127478E+01  0.12252230E-01
-0.78000000E+00  0.42000000E+00  0.00000000E+00  0.24983790E+01  0.25116895E+01  0.00000000E+00  0.25116895E+01  0.13310510E-01
-0.72000000E+00  0.42000000E+00  0.00000000E+00  0.25026190E+01  0.25138095E+01  0.00000000E+00  0.25138095E+01  0.11190500E-01
-0.66000000E+00  0.42000000E+00  0.00000000E+00  0.25071958E+01  0.25160979E+01  0.00000000E+00  0.25160979E+01  0.89020800E-02
-0.60000000E+00  0.42000000E+00  0.00000000E+00  0.25120340E+01  0.25185170E+01  0.00000000E+00  0.25185170E+01  0.64829900E-02
-0.54000000E+00  0.42000000E+00  0.00000000E+00  0.25170350E+01  0.25210175E+01  0.00000000E+00  0.25210175E+01  0.39824800E-02
-0.48000000E+00  0.42000000E+00  0.00000000E+00  0.25220795E+01  0.25235397E+01  0.00000000E+00  0.25235397E+01  0.14602700E-02
-0.42000000E+00  0.42000000E+00  0.00000000E+00  0.25270309E+01  0.25260154E+01  0.00000000E+00  0.25260154E+01 -0.10154200E-02
-0.36000000E+00  0.42000000E+00  0.00000000E+00  0.25317414E+01  0.25283707E+01  0.00000000E+00  0.25283707E+01 -0.33706900E-02
-0.30000000E+00  0.42000000E+00  0.00000000E+00  0.25360588E+01  0.25305294E+01  0.00000000E+00  0.25305294E+01 -0.55293800E-02
-0.24000000E+00  0.42000000E+00  0.00000000E+00  0.25398344E+01  0.25324172E+01  0.00000000E+00  0.25324172E+01 -0.74172100E-02
-0.18000000E+00  0.42000000E+00  0.00000000E+00  0.25429318E+01  0.25339659E+01  0.00000000E+00  0.25339659E+01 -0.89658800E-02
-0.12000000E+00  0.42000000E+00  0.00000000E+00  0.25452343E+01  0.25351172E+01  0.00000000E+00  0.25351172E+01 -0.10117150E-01
-0.60000000E-01  0.42000000E+00  0.00000000E+00  0.25466531E+01  0.25358266E+01  0.00000000E+00  0.25358266E+01 -0.10826560E-01
 0.00000000E+00  0.42000000E+00  0.00000000E+00  0.25471324E+01  0.25360662E+01  0.00000000E+00  0.25360662E+01 -0.11066200E-01
 0.60000000E-01  0.42000000E+00  0.00000000E+00  0.25466531E+01  0.25358266E+01  0.00000000E+00  0.25358266E+01 -0.10826560E-01
 0.12000000E+00  0.42000000E+00  0.00000000E+00  0.25452343E+01  0.25351172E+01  0.00000000E+00  0.25351172E+01 -0.10117150E-01
 0.18000000E+00  0.42000000E+00  0.00000000E+00  0.25429318E+01  0.25339659E+01  0.00000000E+00  0.25339659E+01 -0.89658800E-02
 0.24000000E+00  0.42000000E+00  0.00000000E+00  0.25398344E+01  0.25324172E+01  0.00000000E+00  0.25324172E+01 -0.74172100E-02
 0.30000000E+00  0.42000000E+00  0.00000000E+00  0.25360588E+01  0.25305294E+01  0.00000000E+00  0.25305294E+01 -0.55293800E-02
 0.36000000E+00  0.42000000E+00  0.00000000E+00  0.25317414E+01  0.25283707E+01  0.00000000E+00  0.25283707E+01 -0.33706900E-02
 0.42000000E+00  0.42000000E+00  0.00000000E+00  0.25270309E+01  0.25260154E+01  0.00000000E+00  0.25260154E+01 -0.10154200E-02
 0.48000000E+00  0.42000000E+00  0.00000000E+00  0.25220795E+01  0.25235397E+01  0.00000000E+00  0.25235397E+01  0.14602700E-02
 0.54000000E+00  0.42000000E+00  0.00000000E+00  0.25170350E+01  0.25210175E+01  0.00000000E+00  0.25210175E+01  0.39824800E-02
 0.60000000E+00  0.42000000E+00  0.00000000E+00  0.25120340E+01  0.25185170E+01  0.00000000E+00  0.25185170E+01  0.64829900E-02
 0.66000000E+00  0.42000000E+00  0.00000000E+00  0.25071958E+01  0.25160979E+01  0.00000000E+00  0.25160979E+01  0.89020800E-02
 0.72000000E+00  0.42000000E+00  0.00000000E+00  0.25026190E+01  0.25138095E+01  0.00000000E+00  0.25138095E+01  0.11190500E-01
 0.78000000E+00  0.42000000E+00  0.00000000E+00  0.24983790E+01  0.25116895E+01  0.00000000E+00  0.25116895E+01  0.13310510E-01
-0.72000000E+00  0.48000000E+00  0.00000000E+00  0.24999907E+01  0.25124954E+01  0.00000000E+00  0.25124954E+01  0.12504660E-01
-0.66000000E+00  0.48000000E+00  0.00000000E+00  0.25041320E+01  0.25145660E+01  0.00000000E+00  0.25145660E+01  0.10434000E-01
-0.60000000E+00  0.48000000E+00  0.00000000E+00  0.25085098E+01  0.25167549E+01  0.00000000E+00  0.25167549E+01  0.82451200E-02
-0.54000000E+00  0.48000000E+00  0.00000000E+00  0.25130349E+01  0.25190174E+01  0.00000000E+00  0.25190174E+01  0.59825600E-02
-0.48000000E+00  0.48000000E+00  0.00000000E+00  0.25175993E+01  0.25212996E+01  0.00000000E+00  0.25212996E+01  0.37003700E-02
-0.42000000E+00  0.48000000E+00  0.00000000E+00  0.25220795E+01  0.25235397E+01  0.00000000E+00  0.25235397E+01  0.14602700E-02
-0.36000000E+00  0.48000000E+00  0.00000000E+00  0.25263417E+01  0.25256709E+01  0.00000000E+00  0.25256709E+01 -0.67085000E-03
-0.30000000E+00  0.48000000E+00  0.00000000E+00  0.25302483E+01  0.25276241E+01  0.00000000E+00  0.25276241E+01 -0.26241300E-02
-0.24000000E+00  0.48000000E+00  0.00000000E+00  0.25336646E+01  0.25293323E+01  0.00000000E+00  0.25293323E+01 -0.43323100E-02
-0.18000000E+00  0.48000000E+00  0.00000000E+00  0.25364672E+01  0.25307336E+01  0.00000000E+00  0.25307336E+01 -0.57336000E-02
-0.12000000E+00  0.48000000E+00  0.00000000E+00  0.25385506E+01  0.25317753E+01  0.00000000E+00  0.25317753E+01 -0.67753200E-02
-0.60000000E-01  0.48000000E+00  0.00000000E+00  0.25398344E+01  0.25324172E+01  0.00000000E+00  0.25324172E+01 -0.74172100E-02
 0.00000000E+00  0.48000000E+00  0.00000000E+00  0.25402681E+01  0.25326340E+01  0.00000000E+00  0.25326340E+01 -0.76340600E-02
 0.60000000E-01  0.48000000E+00  0.00000000E+00  0.25398344E+01  0.25324172E+01  0.00000000E+00  0.25324172E+01 -0.74172100E-02
 0.12000000E+00  0.48000000E+00  0.00000000E+00  0.25385506E+01  0.25317753E+01  0.00000000E+00  0.25317753E+01 -0.67753200E-02
 0.18000000E+00  0.48000000E+00  0.00000000E+00  0.25364672E+01  0.25307336E+01  0.00000000E+00  0.25307336E+01 -0.57336000E-02
 0.24000000E+00  0.48000000E+00  0.00000000E+00  0.25336646E+01  0.25293323E+01  0.00000000E+00  0.25293323E+01 -0.43323100E-02
 0.30000000E+00  0.48000000E+00  0.00000000E+00  0.25302483E+01  0.25276241E+01  0.00000000E+00  0.25276241E+01 -0.26241300E-02
 0.36000000E+00  0.48000000E+00  0.00000000E+00  0.25263417E+01  0.25256709E+01  0.00000000E+00  0.25256709E+01 -0.67085000E-03
 0.42000000E+00  0.48000000E+00  0.00000000E+00  0.25220795E+01  0.25235397E+01  0.00000000E+00  0.25235397E+01  0.14602700E-02
 0.48000000E+00  0.48000000E+00  0.00000000E+00  0.25175993E+01  0.25212996E+01  0.00000000E+00  0.25212996E+01  0.37003700E-02
 0.54000000E+00  0.48000000E+00  0.00000000E+00  0.25130349E+01  0.25190174E+01  0.00000000E+00  0.25190174E+01  0.59825600E-02
 0.60000000E+00  0.48000000E+00  0.00000000E+00  0.25085098E+01  0.25167549E+01  0.00000000E+00  0.25167549E+01  0.82451200E-02
 0.66000000E+00  0.48000000E+00  0.00000000E+00  0.25041320E+01  0.25145660E+01  0.00000000E+00  0.25145660E+01  0.10434000E-01
 0.72000000E+00  0.48000000E+00  0.00000000E+00  0.24999907E+01  0.25124954E+01  0.00000000E+00  0.25124954E+01  0.12504660E-01
-0.66000000E+00  0.54000000E+00  0.00000000E+00  0.25010106E+01  0.25130053E+01  0.00000000E+00  0.25130053E+01  0.11994710E-01
-0.60000000E+00  0.54000000E+00  0.00000000E+00  0.25049193E+01  0.25149597E+01  0.00000000E+00  0.25149597E+01  0.10040360E-01
-0.54000000E+00  0.54000000E+00  0.00000000E+00  0.25089596E+01  0.25169798E+01  0.00000000E+00  0.25169798E+01  0.80202300E-02
-0.48000000E+00  0.54000000E+00  0.00000000E+00  0.25130349E+01  0.25190174E+01  0.00000000E+00  0.25190174E+01  0.59825600E-02
-0.42000000E+00  0.54000000E+00  0.00000000E+00  0.25170350E+01  0.25210175E+01  0.00000000E+00  0.25210175E+01  0.39824800E-02
-0.36000000E+00  0.54000000E+00  0.00000000E+00  0.25208406E+01  0.25229203E+01  0.00000000E+00  0.25229203E+01  0.20797000E-02
-0.30000000E+00  0.54000000E+00  0.00000000E+00  0.25243286E+01  0.25246643E+01  0.00000000E+00  0.25246643E+01  0.33572000E-03
-0.24000000E+00  0.54000000E+00  0.00000000E+00  0.25273789E+01  0.25261894E+01  0.00000000E+00  0.25261894E+01 -0.11894400E-02
-0.18000000E+00  0.54000000E+00  0.00000000E+00  0.25298812E+01  0.25274406E+01  0.00000000E+00  0.25274406E+01 -0.24405800E-02
-0.12000000E+00  0.54000000E+00  0.00000000E+00  0.25317414E+01  0.25283707E+01  0.00000000E+00  0.25283707E+01 -0.33706900E-02
-0.60000000E-01  0.54000000E+00  0.00000000E+00  0.25328876E+01  0.25289438E+01  0.00000000E+00  0.25289438E+01 -0.39438100E-02
 0.00000000E+00  0.54000000E+00  0.00000000E+00  0.25332748E+01  0.25291374E+01  0.00000000E+00  0.25291374E+01 -0.41374200E-02
 0.60000000E-01  0.54000000E+00  0.00000000E+00  0.25328876E+01  0.25289438E+01  0.00000000E+00  0.25289438E+01 -0.39438100E-02
 0.12000000E+00  0.54000000E+00  0.00000000E+00  0.25317414E+01  0.25283707E+01  0.00000000E+00  0.25283707E+01 -0.33706900E-02
 0.18000000E+00  0.54000000E+00  0.00000000E+00  0.25298812E+01  0.25274406E+01  0.00000000E+00  0.25274406E+01 -0.24405800E-02
 0.24000000E+00  0.54000000E+00  0.00000000E+00  0.25273789E+01  0.25261894E+01  0.00000000E+00  0.25261894E+01 -0.11894400E-02
 0.30000000E+00  0.54000000E+00  0.00000000E+00  0.25243286E+01  0.25246643E+01  0.00000000E+00  0.25246643E+01  0.33572000E-03
 0.36000000E+00  0.54000000E+00  0.00000000E+00  0.25208406E+01  0.25229203E+01  0.00000000E+00  0.25229203E+01  0.20797000E-02
 0.42000000E+00  0.54000000E+00  0.00000000E+00  0.25170350E+01  0.25210175E+01  0.00000000E+00  0.25210175E+01  0.39824800E-02
 0.48000000E+00  0.54000000E+00  0.00000000E+00  0.25130349E+01  0.25190174E+01  0.00000000E+00  0.25190174E+01  0.59825600E-02
 0.54000000E+00  0.54000000E+00  0.00000000E+00  0.25089596E+01  0.25169798E+01  0.00000000E+00  0.25169798E+01  0.80202300E-02
 0.60000000E+00  0.54000000E+00  0.00000000E+00  0.25049193E+01  0.25149597E+01  0.00000000E+00  0.25149597E+01  0.10040360E-01
 0.66000000E+00  0.54000000E+00  0.00000000E+00  0.25010106E+01  0.25130053E+01  0.00000000E+00  0.25130053E+01  0.11994710E-01
-0.66000000E+00  0.60000000E+00  0.00000000E+00  0.24979160E+01  0.25114580E+01  0.00000000E+00  0.25114580E+01  0.13541990E-01
-0.60000000E+00  0.60000000E+00  0.00000000E+00  0.25013597E+01  0.25131799E+01  0.00000000E+00  0.25131799E+01  0.11820150E-01
-0.54000000E+00  0.60000000E+00  0.00000000E+00  0.25049193E+01  0.25149597E+01  0.00000000E+00  0.25149597E+01  0.10040360E-01
-0.48000000E+00  0.60000000E+00  0.00000000E+00  0.25085098E+01  0.25167549E+01  0.00000000E+00  0.25167549E+01  0.82451200E-02
-0.42000000E+00  0.60000000E+00  0.00000000E+00  0.25120340E+01  0.25185170E+01  0.00000000E+00  0.25185170E+01  0.64829900E-02
-0.36000000E+00  0.60000000E+00  0.00000000E+00  0.25153868E+01  0.25201934E+01  0.00000000E+00  0.25201934E+01  0.48065900E-02
-0.30000000E+00  0.60000000E+00  0.00000000E+00  0.25184598E+01  0.25217299E+01  0.00000000E+00  0.25217299E+01  0.32700900E-02
-0.24000000E+00  0.60000000E+00  0.00000000E+00  0.25211472E+01  0.25230736E+01  0.00000000E+00  0.25230736E+01  0.19263800E-02
-0.18000000E+00  0.60000000E+00  0.00000000E+00  0.25233518E+01  0.25241759E+01  0.00000000E+00  0.25241759E+01  0.82410000E-03
-0.12000000E+00  0.60000000E+00  0.00000000E+00  0.25249907E+01  0.25249954E+01  0.00000000E+00  0.25249954E+01  0.46600000E-05
-0.60000000E-01  0.60000000E+00  0.00000000E+00  0.25260006E+01  0.25255003E+01  0.00000000E+00  0.25255003E+01 -0.50028000E-03
 0.00000000E+00  0.60000000E+00  0.00000000E+00  0.25263417E+01  0.25256709E+01  0.00000000E+00  0.25256709E+01 -0.67085000E-03
 0.60000000E-01  0.60000000E+00  0.00000000E+00  0.25260006E+01  0.25255003E+01  0.00000000E+00  0.25255003E+01 -0.50028000E-03
 0.12000000E+00  0.60000000E+00  0.00000000E+00  0.25249907E+01  0.25249954E+01  0.00000000E+00  0.25249954E+01  0.46600000E-05
 0.18000000E+00  0.60000000E+00  0.00000000E+00  0.25233518E+01  0.25241759E+01  0.00000000E+00  0.25241759E+01  0.82410000E-03
 0.24000000E+00  0.60000000E+00  0.00000000E+00  0.25211472E+01  0.25230736E+01  0.00000000E+00  0.25230736E+01  0.19263800E-02
 0.30000000E+00  0.60000000E+00  0.00000000E+00  0.25184598E+01  0.25217299E+01  0.00000000E+00  0.25217299E+01  0.32700900E-02
 0.36000000E+00  0.60000000E+00  0.00000000E+00  0.25153868E+01  0.25201934E+01  0.00000000E+00  0.25201934E+01  0.48065900E-02
 0.42000000E+00  0.60000000E+00  0.00000000E+00  0.25120340E+01  0.25185170E+01  0.00000000E+00  0.25185170E+01  0.64829900E-02
 0.48000000E+00  0.60000000E+00  0.00000000E+00  0.25085098E+01  0.25167549E+01  0.00000000E+00  0.25167549E+01  0.82451200E-02
 0.54000000E+00  0.60000000E+00  0.00000000E+00  0.25049193E+01  0.25149597E+01  0.00000000E+00  0.25149597E+01  0.10040360E-01
 0.60000000E+00  0.60000000E+00  0.00000000E+00  0.25013597E+01  0.25131799E+01  0.00000000E+00  0.25131799E+01  0.11820150E-01
 0.66000000E+00  0.60000000E+00  0.00000000E+00  0.24979160E+01  0.25114580E+01  0.00000000E+00  0.25114580E+01  0.13541990E-01
-0.60000000E+00  0.66000000E+00  0.00000000E+00  0.24979160E+01  0.25114580E+01  0.00000000E+00  0.25114580E+01  0.13541990E-01
-0.54000000E+00  0.66000000E+00  0.00000000E+00  0.25010106E+01  0.25130053E+01  0.00000000E+00  0.25130053E+01  0.11994710E-01
-0.48000000E+00  0.66000000E+00  0.00000000E+00  0.25041320E+01  0.25145660E+01  0.00000000E+00  0.25145660E+01  0.10434000E-01
-0.42000000E+00  0.66000000E+00  0.00000000E+00  0.25071958E+01  0.25160979E+01  0.00000000E+00  0.25160979E+01  0.89020800E-02
-0.36000000E+00  0.66000000E+00  0.00000000E+00  0.25101106E+01  0.25175553E+01  0.00000000E+00  0.25175553E+01  0.74446900E-02
-0.30000000E+00  0.66000000E+00  0.00000000E+00  0.25127822E+01  0.25188911E+01  0.00000000E+00  0.25188911E+01  0.61089300E-02
-0.24000000E+00  0.66000000E+00  0.00000000E+00  0.25151185E+01  0.25200592E+01  0.00000000E+00  0.25200592E+01  0.49407700E-02
-0.18000000E+00  0.66000000E+00  0.00000000E+00  0.25170350E+01  0.25210175E+01  0.00000000E+00  0.25210175E+01  0.39824800E-02
-0.12000000E+00  0.66000000E+00  0.00000000E+00  0.25184598E+01  0.25217299E+01  0.00000000E+00  0.25217299E+01  0.32700900E-02
-0.60000000E-01  0.66000000E+00  0.00000000E+00  0.25193378E+01  0.25221689E+01  0.00000000E+00  0.25221689E+01  0.28311100E-02
 0.00000000E+00  0.66000000E+00  0.00000000E+00  0.25196343E+01  0.25223172E+01  0.00000000E+00  0.25223172E+01  0.26828300E-02
 0.60000000E-01  0.66000000E+00  0.00000000E+00  0.25193378E+01  0.25221689E+01  0.00000000E+00  0.25221689E+01  0.28311100E-02
 0.12000000E+00  0.66000000E+00  0.00000000E+00  0.25184598E+01  0.25217299E+01  0.00000000E+00  0.25217299E+01  0.32700900E-02
 0.18000000E+00  0.66000000E+00  0.00000000E+00  0.25170350E+01  0.25210175E+01  0.00000000E+00  0.25210175E+01  0.39824800E-02
 0.24000000E+00  0.66000000E+00  0.00000000E+00  0.25151185E+01  0.25200592E+01  0.00000000E+00  0.25200592E+01  0.49407700E-02
 0.30000000E+00  0.66000000E+00  0.00000000E+00  0.25127822E+01  0.25188911E+01  0.00000000E+00  0.25188911E+01  0.61089300E-02
 0.36000000E+00  0.66000000E+00  0.00000000E+00  0.25101106E+01  0.25175553E+01  0.00000000E+00  0.25175553E+01  0.74446900E-02
 0.42000000E+00  0.66000000E+00  0.00000000E+00  0.25071958E+01  0.25160979E+01  0.00000000E+00  0.25160979E+01  0.89020800E-02
 0.48000000E+00  0.66000000E+00  0.00000000E+00  0.25041320E+01  0.25145660E+01  0.00000000E+00  0.25145660E+01  0.10434000E-01
 0.54000000E+00  0.66000000E+00  0.00000000E+00  0.25010106E+01  0.25130053E+01  0.00000000E+00  0.25130053E+01  0.11994710E-01
 0.60000000E+00  0.66000000E+00  0.00000000E+00  0.24979160E+01  0.25114580E+01  0.00000000E+00  0.25114580E+01  0.13541990E-01
-0.48000000E+00  0.72000000E+00  0.00000000E+00  0.24999907E+01  0.25124954E+01  0.00000000E+00  0.25124954E+01  0.12504660E-01
-0.42000000E+00  0.72000000E+00  0.00000000E+00  0.25026190E+01  0.25138095E+01  0.00000000E+00  0.25138095E+01  0.11190500E-01
-0.36000000E+00  0.72000000E+00  0.00000000E+00  0.25051194E+01  0.25150597E+01  0.00000000E+00  0.25150597E+01  0.99402900E-02
-0.30000000E+00  0.72000000E+00  0.00000000E+00  0.25074112E+01  0.25162056E+01  0.00000000E+00  0.25162056E+01  0.87944100E-02
-0.24000000E+00  0.72000000E+00  0.00000000E+00  0.25094154E+01  0.25172077E+01  0.00000000E+00  0.25172077E+01  0.77923100E-02
-0.18000000E+00  0.72000000E+00  0.00000000E+00  0.25110595E+01  0.25180298E+01  0.00000000E+00  0.25180298E+01  0.69702600E-02
-0.12000000E+00  0.72000000E+00  0.00000000E+00  0.25122817E+01  0.25186409E+01  0.00000000E+00  0.25186409E+01  0.63591400E-02
-0.60000000E-01  0.72000000E+00  0.00000000E+00  0.25130349E+01  0.25190174E+01  0.00000000E+00  0.25190174E+01  0.59825600E-02
 0.00000000E+00  0.72000000E+00  0.00000000E+00  0.25132893E+01  0.25191446E+01  0.00000000E+00  0.25191446E+01  0.58553500E-02
 0.60000000E-01  0.72000000E+00  0.00000000E+00  0.25130349E+01  0.25190174E+01  0.00000000E+00  0.25190174E+01  0.59825600E-02
 0.12000000E+00  0.72000000E+00  0.00000000E+00  0.25122817E+01  0.25186409E+01  0.00000000E+00  0.25186409E+01  0.63591400E-02
 0.18000000E+00  0.72000000E+00  0.00000000E+00  0.25110595E+01  0.25180298E+01  0.00000000E+00  0.25180298E+01  0.69702600E-02
 0.24000000E+00  0.72000000E+00  0.00000000E+00  0.25094154E+01  0.25172077E+01  0.00000000E+00  0.25172077E+01  0.77923100E-02
 0.30000000E+00  0.72000000E+00  0.00000000E+00  0.25074112E+01  0.25162056E+01  0.00000000E+00  0.25162056E+01  0.87944100E-02
 0.36000000E+00  0.72000000E+00  0.00000000E+00  0.25051194E+01  0.25150597E+01  0.00000000E+00  0.25150597E+01  0.99402900E-02
 0.42000000E+00  0.72000000E+00  0.00000000E+00  0.25026190E+01  0.25138095E+01  0.00000000E+00  0.25138095E+01  0.11190500E-01
 0.48000000E+00  0.72000000E+00  0.00000000E+00  0.24999907E+01  0.25124954E+01  0.00000000E+00  0.25124954E+01  0.12504660E-01
-0.42000000E+00  0.78000000E+00  0.00000000E+00  0.24983790E+01  0.25116895E+01  0.00000000E+00  0.25116895E+01  0.13310510E-01
-0.36000000E+00  0.78000000E+00  0.00000000E+00  0.25004955E+01  0.25127478E+01  0.00000000E+00  0.25127478E+01  0.12252230E-01
-0.30000000E+00  0.78000000E+00  0.00000000E+00  0.25024355E+01  0.25137177E+01  0.00000000E+00  0.25137177E+01  0.11282270E-01
-0.24000000E+00  0.78000000E+00  0.00000000E+00  0.25041320E+01  0.25145660E+01  0.00000000E+00  0.25145660E+01  0.10434000E-01
-0.18000000E+00  0.78000000E+00  0.00000000E+00  0.25055237E+01  0.25152618E+01  0.00000000E+00  0.25152618E+01  0.97381500E-02
-0.12000000E+00  0.78000000E+00  0.00000000E+00  0.25065583E+01  0.25157792E+01  0.00000000E+00  0.25157792E+01  0.92208400E-02
-0.60000000E-01  0.78000000E+00  0.00000000E+00  0.25071958E+01  0.25160979E+01  0.00000000E+00  0.25160979E+01  0.89020800E-02
 0.00000000E+00  0.78000000E+00  0.00000000E+00  0.25074112E+01  0.25162056E+01  0.00000000E+00  0.25162056E+01  0.87944100E-02
 0.60000000E-01  0.78000000E+00  0.00000000E+00  0.25071958E+01  0.25160979E+01  0.00000000E+00  0.25160979E+01  0.89020800E-02
 0.12000000E+00  0.78000000E+00  0.00000000E+00  0.25065583E+01  0.25157792E+01  0.00000000E+00  0.25157792E+01  0.92208400E-02
 0.18000000E+00  0.78000000E+00  0.00000000E+00  0.25055237E+01  0.25152618E+01  0.00000000E+00  0.25152618E+01  0.97381500E-02
 0.24000000E+00  0.78000000E+00  0.00000000E+00  0.25041320E+01  0.25145660E+01  0.00000000E+00  0.25145660E+01  0.10434000E-01
 0.30000000E+00  0.78000000E+00  0.00000000E+00  0.25024355E+01  0.25137177E+01  0.00000000E+00  0.25137177E+01  0.11282270E-01
 0.36000000E+00  0.78000000E+00  0.00000000E+00  0.25004955E+01  0.25127478E+01  0.00000000E+00  0.25127478E+01  0.12252230E-01
 0.42000000E+00  0.78000000E+00  0.00000000E+00  0.24983790E+01  0.25116895E+01  0.00000000E+00  0.25116895E+01  0.13310510E-01
-0.30000000E+00  0.84000000E+00  0.00000000E+00  0.24979160E+01  0.25114580E+01  0.00000000E+00  0.25114580E+01  0.13541990E-01
-0.24000000E+00  0.84000000E+00  0.00000000E+00  0.24993331E+01  0.25121665E+01  0.00000000E+00  0.25121665E+01  0.12833460E-01
-0.18000000E+00  0.84000000E+00  0.00000000E+00  0.25004955E+01  0.25127478E+01  0.00000000E+00  0.25127478E+01  0.12252230E-01
-0.12000000E+00  0.84000000E+00  0.00000000E+00  0.25013597E+01  0.25131799E+01  0.00000000E+00  0.25131799E+01  0.11820150E-01
-0.60000000E-01  0.84000000E+00  0.00000000E+00  0.25018922E+01  0.25134461E+01  0.00000000E+00  0.25134461E+01  0.11553890E-01
 0.00000000E+00  0.84000000E+00  0.00000000E+00  0.25020721E+01  0.25135360E+01  0.00000000E+00  0.25135360E+01  0.11463950E-01
 0.60000000E-01  0.84000000E+00  0.00000000E+00  0.25018922E+01  0.25134461E+01  0.00000000E+00  0.25134461E+01  0.11553890E-01
 0.12000000E+00  0.84000000E+00  0.00000000E+00  0.25013597E+01  0.25131799E+01  0.00000000E+00  0.25131799E+01  0.11820150E-01
 0.18000000E+00  0.84000000E+00  0.00000000E+00  0.25004955E+01  0.25127478E+01  0.00000000E+00  0.25127478E+01  0.12252230E-01
 0.24000000E+00  0.84000000E+00  0.00000000E+00  0.24993331E+01  0.25121665E+01  0.00000000E+00  0.25121665E+01  0.12833460E-01
 0.30000000E+00  0.84000000E+00  0.00000000E+00  0.24979160E+01  0.25114580E+01  0.00000000E+00  0.25114580E+01  0.13541990E-01
