 # xb yb zb ideal background shim total error
# 8       697
# 8       697
-0.30000000E+00 -0.84000000E+00  0.00000000E+00  0.24979160E+01  0.25114580E+01 -0.12451273E-01  0.24990067E+01  0.10907168E-02
-0.24000000E+00 -0.84000000E+00  0.00000000E+00  0.24993331E+01  0.25121665E+01 -0.11221831E-01  0.25009447E+01  0.16116290E-02
-0.18000000E+00 -0.84000000E+00  0.00000000E+00  0.25004955E+01  0.25127478E+01 -0.11066075E-01  0.25016817E+01  0.11861553E-02
-0.12000000E+00 -0.84000000E+00  0.00000000E+00  0.25013597E+01  0.25131799E+01 -0.11261709E-01  0.25019182E+01  0.55844079E-03
-0.60000000E-01 -0.84000000E+00  0.00000000E+00  0.25018922E+01  0.25134461E+01 -0.11432967E-01  0.25020131E+01  0.12092275E-03
 0.00000000E+00 -0.84000000E+00  0.00000000E+00  0.25020721E+01  0.25135360E+01 -0.11248920E-01  0.25022871E+01  0.21502962E-03
 0.60000000E-01 -0.84000000E+00  0.00000000E+00  0.25018922E+01  0.25134461E+01 -0.11231200E-01  0.25022149E+01  0.32268990E-03
 0.12000000E+00 -0.84000000E+00  0.00000000E+00  0.25013597E+01  0.25131799E+01 -0.11408936E-01  0.25017709E+01  0.41121412E-03
 0.18000000E+00 -0.84000000E+00  0.00000000E+00  0.25004955E+01  0.25127478E+01 -0.11588864E-01  0.25011589E+01  0.66336618E-03
 0.24000000E+00 -0.84000000E+00  0.00000000E+00  0.24993331E+01  0.25121665E+01 -0.12052498E-01  0.25001140E+01  0.78096198E-03
 0.30000000E+00 -0.84000000E+00  0.00000000E+00  0.24979160E+01  0.25114580E+01 -0.13423242E-01  0.24980348E+01  0.11874783E-03
-0.42000000E+00 -0.78000000E+00  0.00000000E+00  0.24983790E+01  0.25116895E+01 -0.12156417E-01  0.24995331E+01  0.11540933E-02
-0.36000000E+00 -0.78000000E+00  0.00000000E+00  0.25004955E+01  0.25127478E+01 -0.12979789E-01  0.24997680E+01 -0.72755905E-03
-0.30000000E+00 -0.78000000E+00  0.00000000E+00  0.25024355E+01  0.25137177E+01 -0.12276029E-01  0.25014417E+01 -0.99375865E-03
-0.24000000E+00 -0.78000000E+00  0.00000000E+00  0.25041320E+01  0.25145660E+01 -0.10940159E-01  0.25036258E+01 -0.50615911E-03
-0.18000000E+00 -0.78000000E+00  0.00000000E+00  0.25055237E+01  0.25152618E+01 -0.10649917E-01  0.25046119E+01 -0.91176727E-03
-0.12000000E+00 -0.78000000E+00  0.00000000E+00  0.25065583E+01  0.25157792E+01 -0.10216487E-01  0.25055627E+01 -0.99564746E-03
-0.60000000E-01 -0.78000000E+00  0.00000000E+00  0.25071958E+01  0.25160979E+01 -0.97553820E-02  0.25063425E+01 -0.85330199E-03
 0.00000000E+00 -0.78000000E+00  0.00000000E+00  0.25074112E+01  0.25162056E+01 -0.96031094E-02  0.25066025E+01 -0.80869936E-03
 0.60000000E-01 -0.78000000E+00  0.00000000E+00  0.25071958E+01  0.25160979E+01 -0.96941804E-02  0.25064037E+01 -0.79210039E-03
 0.12000000E+00 -0.78000000E+00  0.00000000E+00  0.25065583E+01  0.25157792E+01 -0.10056576E-01  0.25057226E+01 -0.83573588E-03
 0.18000000E+00 -0.78000000E+00  0.00000000E+00  0.25055237E+01  0.25152618E+01 -0.10279854E-01  0.25049820E+01 -0.54170374E-03
 0.24000000E+00 -0.78000000E+00  0.00000000E+00  0.25041320E+01  0.25145660E+01 -0.10678768E-01  0.25038872E+01 -0.24476793E-03
 0.30000000E+00 -0.78000000E+00  0.00000000E+00  0.25024355E+01  0.25137177E+01 -0.12165879E-01  0.25015519E+01 -0.88360853E-03
 0.36000000E+00 -0.78000000E+00  0.00000000E+00  0.25004955E+01  0.25127478E+01 -0.12298453E-01  0.25004493E+01 -0.46222516E-04
 0.42000000E+00 -0.78000000E+00  0.00000000E+00  0.24983790E+01  0.25116895E+01 -0.11499090E-01  0.25001904E+01  0.18114203E-02
-0.48000000E+00 -0.72000000E+00  0.00000000E+00  0.24999907E+01  0.25124954E+01 -0.12314453E-01  0.25001809E+01  0.19020720E-03
-0.42000000E+00 -0.72000000E+00  0.00000000E+00  0.25026190E+01  0.25138095E+01 -0.11457532E-01  0.25023520E+01 -0.26703205E-03
-0.36000000E+00 -0.72000000E+00  0.00000000E+00  0.25051194E+01  0.25150597E+01 -0.10723737E-01  0.25043360E+01 -0.78344718E-03
-0.30000000E+00 -0.72000000E+00  0.00000000E+00  0.25074112E+01  0.25162056E+01 -0.91676178E-02  0.25070380E+01 -0.37320776E-03
-0.24000000E+00 -0.72000000E+00  0.00000000E+00  0.25094154E+01  0.25172077E+01 -0.78722532E-02  0.25093354E+01 -0.79943186E-04
-0.18000000E+00 -0.72000000E+00  0.00000000E+00  0.25110595E+01  0.25180298E+01 -0.73713501E-02  0.25106584E+01 -0.40109007E-03
-0.12000000E+00 -0.72000000E+00  0.00000000E+00  0.25122817E+01  0.25186409E+01 -0.64756930E-02  0.25121652E+01 -0.11655297E-03
-0.60000000E-01 -0.72000000E+00  0.00000000E+00  0.25130349E+01  0.25190174E+01 -0.51444299E-02  0.25138730E+01  0.83813009E-03
 0.00000000E+00 -0.72000000E+00  0.00000000E+00  0.25132893E+01  0.25191446E+01 -0.44959574E-02  0.25146487E+01  0.13593926E-02
 0.60000000E-01 -0.72000000E+00  0.00000000E+00  0.25130349E+01  0.25190174E+01 -0.51965129E-02  0.25138209E+01  0.78604715E-03
 0.12000000E+00 -0.72000000E+00  0.00000000E+00  0.25122817E+01  0.25186409E+01 -0.61041163E-02  0.25125368E+01  0.25502370E-03
 0.18000000E+00 -0.72000000E+00  0.00000000E+00  0.25110595E+01  0.25180298E+01 -0.66275096E-02  0.25114022E+01  0.34275041E-03
 0.24000000E+00 -0.72000000E+00  0.00000000E+00  0.25094154E+01  0.25172077E+01 -0.73168006E-02  0.25098909E+01  0.47550936E-03
 0.30000000E+00 -0.72000000E+00  0.00000000E+00  0.25074112E+01  0.25162056E+01 -0.88244368E-02  0.25073812E+01 -0.30026811E-04
 0.36000000E+00 -0.72000000E+00  0.00000000E+00  0.25051194E+01  0.25150597E+01 -0.10583108E-01  0.25044766E+01 -0.64281839E-03
 0.42000000E+00 -0.72000000E+00  0.00000000E+00  0.25026190E+01  0.25138095E+01 -0.11402437E-01  0.25024071E+01 -0.21193736E-03
 0.48000000E+00 -0.72000000E+00  0.00000000E+00  0.24999907E+01  0.25124954E+01 -0.11924989E-01  0.25005704E+01  0.57967109E-03
-0.60000000E+00 -0.66000000E+00  0.00000000E+00  0.24979160E+01  0.25114580E+01 -0.12598090E-01  0.24988599E+01  0.94389980E-03
-0.54000000E+00 -0.66000000E+00  0.00000000E+00  0.25010106E+01  0.25130053E+01 -0.12802469E-01  0.25002028E+01 -0.80775880E-03
-0.48000000E+00 -0.66000000E+00  0.00000000E+00  0.25041320E+01  0.25145660E+01 -0.10522884E-01  0.25040431E+01 -0.88884465E-04
-0.42000000E+00 -0.66000000E+00  0.00000000E+00  0.25071958E+01  0.25160979E+01 -0.86122830E-02  0.25074856E+01  0.28979700E-03
-0.36000000E+00 -0.66000000E+00  0.00000000E+00  0.25101106E+01  0.25175553E+01 -0.68062450E-02  0.25107491E+01  0.63844500E-03
-0.30000000E+00 -0.66000000E+00  0.00000000E+00  0.25127822E+01  0.25188911E+01 -0.48149285E-02  0.25140762E+01  0.12940015E-02
-0.24000000E+00 -0.66000000E+00  0.00000000E+00  0.25151185E+01  0.25200592E+01 -0.41585407E-02  0.25159007E+01  0.78222931E-03
-0.18000000E+00 -0.66000000E+00  0.00000000E+00  0.25170350E+01  0.25210175E+01 -0.39999864E-02  0.25170175E+01 -0.17506442E-04
-0.12000000E+00 -0.66000000E+00  0.00000000E+00  0.25184598E+01  0.25217299E+01 -0.30617503E-02  0.25186682E+01  0.20833968E-03
-0.60000000E-01 -0.66000000E+00  0.00000000E+00  0.25193378E+01  0.25221689E+01 -0.17647644E-02  0.25204041E+01  0.10663456E-02
 0.00000000E+00 -0.66000000E+00  0.00000000E+00  0.25196343E+01  0.25223172E+01 -0.15330621E-02  0.25207841E+01  0.11497679E-02
 0.60000000E-01 -0.66000000E+00  0.00000000E+00  0.25193378E+01  0.25221689E+01 -0.23358589E-02  0.25198330E+01  0.49525110E-03
 0.12000000E+00 -0.66000000E+00  0.00000000E+00  0.25184598E+01  0.25217299E+01 -0.32545455E-02  0.25184754E+01  0.15544523E-04
 0.18000000E+00 -0.66000000E+00  0.00000000E+00  0.25170350E+01  0.25210175E+01 -0.42319122E-02  0.25167856E+01 -0.24943216E-03
 0.24000000E+00 -0.66000000E+00  0.00000000E+00  0.25151185E+01  0.25200592E+01 -0.53865537E-02  0.25146727E+01 -0.44578367E-03
 0.30000000E+00 -0.66000000E+00  0.00000000E+00  0.25127822E+01  0.25188911E+01 -0.63384292E-02  0.25125527E+01 -0.22949924E-03
 0.36000000E+00 -0.66000000E+00  0.00000000E+00  0.25101106E+01  0.25175553E+01 -0.75579389E-02  0.25099974E+01 -0.11324892E-03
 0.42000000E+00 -0.66000000E+00  0.00000000E+00  0.25071958E+01  0.25160979E+01 -0.96245237E-02  0.25064734E+01 -0.72244370E-03
 0.48000000E+00 -0.66000000E+00  0.00000000E+00  0.25041320E+01  0.25145660E+01 -0.11719283E-01  0.25028467E+01 -0.12852832E-02
 0.54000000E+00 -0.66000000E+00  0.00000000E+00  0.25010106E+01  0.25130053E+01 -0.12205214E-01  0.25008001E+01 -0.21050360E-03
 0.60000000E+00 -0.66000000E+00  0.00000000E+00  0.24979160E+01  0.25114580E+01 -0.11749920E-01  0.24997081E+01  0.17920701E-02
-0.66000000E+00 -0.60000000E+00  0.00000000E+00  0.24979160E+01  0.25114580E+01 -0.11715754E-01  0.24997423E+01  0.18262361E-02
-0.60000000E+00 -0.60000000E+00  0.00000000E+00  0.25013597E+01  0.25131799E+01 -0.11889924E-01  0.25012899E+01 -0.69773759E-04
-0.54000000E+00 -0.60000000E+00  0.00000000E+00  0.25049193E+01  0.25149597E+01 -0.10263662E-01  0.25046960E+01 -0.22330152E-03
-0.48000000E+00 -0.60000000E+00  0.00000000E+00  0.25085098E+01  0.25167549E+01 -0.75162335E-02  0.25092386E+01  0.72888646E-03
-0.42000000E+00 -0.60000000E+00  0.00000000E+00  0.25120340E+01  0.25185170E+01 -0.62515410E-02  0.25122655E+01  0.23144897E-03
-0.36000000E+00 -0.60000000E+00  0.00000000E+00  0.25153868E+01  0.25201934E+01 -0.47401681E-02  0.25154532E+01  0.66421941E-04
-0.30000000E+00 -0.60000000E+00  0.00000000E+00  0.25184598E+01  0.25217299E+01 -0.27961551E-02  0.25189338E+01  0.47393492E-03
-0.24000000E+00 -0.60000000E+00  0.00000000E+00  0.25211472E+01  0.25230736E+01 -0.20040414E-02  0.25210696E+01 -0.77661430E-04
-0.18000000E+00 -0.60000000E+00  0.00000000E+00  0.25233518E+01  0.25241759E+01 -0.15066058E-02  0.25226693E+01 -0.68250580E-03
-0.12000000E+00 -0.60000000E+00  0.00000000E+00  0.25249907E+01  0.25249954E+01 -0.38574400E-03  0.25246096E+01 -0.38108400E-03
-0.60000000E-01 -0.60000000E+00  0.00000000E+00  0.25260006E+01  0.25255003E+01  0.36959429E-03  0.25258699E+01 -0.13068571E-03
 0.00000000E+00 -0.60000000E+00  0.00000000E+00  0.25263417E+01  0.25256709E+01  0.77609291E-04  0.25257485E+01 -0.59324071E-03
 0.60000000E-01 -0.60000000E+00  0.00000000E+00  0.25260006E+01  0.25255003E+01 -0.31225979E-03  0.25251880E+01 -0.81253979E-03
 0.12000000E+00 -0.60000000E+00  0.00000000E+00  0.25249907E+01  0.25249954E+01 -0.26507583E-03  0.25247303E+01 -0.26041583E-03
 0.18000000E+00 -0.60000000E+00  0.00000000E+00  0.25233518E+01  0.25241759E+01 -0.79736784E-03  0.25233785E+01  0.26732158E-04
 0.24000000E+00 -0.60000000E+00  0.00000000E+00  0.25211472E+01  0.25230736E+01 -0.20916851E-02  0.25209819E+01 -0.16530507E-03
 0.30000000E+00 -0.60000000E+00  0.00000000E+00  0.25184598E+01  0.25217299E+01 -0.29242058E-02  0.25188057E+01  0.34588420E-03
 0.36000000E+00 -0.60000000E+00  0.00000000E+00  0.25153868E+01  0.25201934E+01 -0.34791243E-02  0.25167143E+01  0.13274657E-02
 0.42000000E+00 -0.60000000E+00  0.00000000E+00  0.25120340E+01  0.25185170E+01 -0.52749954E-02  0.25132420E+01  0.12079946E-02
 0.48000000E+00 -0.60000000E+00  0.00000000E+00  0.25085098E+01  0.25167549E+01 -0.87124212E-02  0.25080425E+01 -0.46730115E-03
 0.54000000E+00 -0.60000000E+00  0.00000000E+00  0.25049193E+01  0.25149597E+01 -0.11017538E-01  0.25039421E+01 -0.97717762E-03
 0.60000000E+00 -0.60000000E+00  0.00000000E+00  0.25013597E+01  0.25131799E+01 -0.11860026E-01  0.25013198E+01 -0.39876419E-04
 0.66000000E+00 -0.60000000E+00  0.00000000E+00  0.24979160E+01  0.25114580E+01 -0.12683742E-01  0.24987743E+01  0.85824795E-03
-0.66000000E+00 -0.54000000E+00  0.00000000E+00  0.25010106E+01  0.25130053E+01 -0.12152797E-01  0.25008525E+01 -0.15808721E-03
-0.60000000E+00 -0.54000000E+00  0.00000000E+00  0.25049193E+01  0.25149597E+01 -0.11072949E-01  0.25038867E+01 -0.10325891E-02
-0.54000000E+00 -0.54000000E+00  0.00000000E+00  0.25089596E+01  0.25169798E+01 -0.80872995E-02  0.25088925E+01 -0.67069472E-04
-0.48000000E+00 -0.54000000E+00  0.00000000E+00  0.25130349E+01  0.25190174E+01 -0.59717691E-02  0.25130457E+01  0.10790926E-04
-0.42000000E+00 -0.54000000E+00  0.00000000E+00  0.25170350E+01  0.25210175E+01 -0.49396066E-02  0.25160779E+01 -0.95712665E-03
-0.36000000E+00 -0.54000000E+00  0.00000000E+00  0.25208406E+01  0.25229203E+01 -0.28971723E-02  0.25200231E+01 -0.81747234E-03
-0.30000000E+00 -0.54000000E+00  0.00000000E+00  0.25243286E+01  0.25246643E+01 -0.63039818E-03  0.25240339E+01 -0.29467818E-03
-0.24000000E+00 -0.54000000E+00  0.00000000E+00  0.25273789E+01  0.25261894E+01  0.78781324E-03  0.25269773E+01 -0.40162676E-03
-0.18000000E+00 -0.54000000E+00  0.00000000E+00  0.25298812E+01  0.25274406E+01  0.21239838E-02  0.25295646E+01 -0.31659624E-03
-0.12000000E+00 -0.54000000E+00  0.00000000E+00  0.25317414E+01  0.25283707E+01  0.32614087E-02  0.25316321E+01 -0.10928135E-03
-0.60000000E-01 -0.54000000E+00  0.00000000E+00  0.25328876E+01  0.25289438E+01  0.34932216E-02  0.25324370E+01 -0.45058840E-03
 0.00000000E+00 -0.54000000E+00  0.00000000E+00  0.25332748E+01  0.25291374E+01  0.31125721E-02  0.25322500E+01 -0.10248479E-02
 0.60000000E-01 -0.54000000E+00  0.00000000E+00  0.25328876E+01  0.25289438E+01  0.31776878E-02  0.25321215E+01 -0.76612223E-03
 0.12000000E+00 -0.54000000E+00  0.00000000E+00  0.25317414E+01  0.25283707E+01  0.36538327E-02  0.25320245E+01  0.28314271E-03
 0.18000000E+00 -0.54000000E+00  0.00000000E+00  0.25298812E+01  0.25274406E+01  0.31163755E-02  0.25305570E+01  0.67579545E-03
 0.24000000E+00 -0.54000000E+00  0.00000000E+00  0.25273789E+01  0.25261894E+01  0.13440033E-02  0.25275334E+01  0.15456330E-03
 0.30000000E+00 -0.54000000E+00  0.00000000E+00  0.25243286E+01  0.25246643E+01 -0.10560468E-03  0.25245587E+01  0.23011532E-03
 0.36000000E+00 -0.54000000E+00  0.00000000E+00  0.25208406E+01  0.25229203E+01 -0.10031203E-02  0.25219172E+01  0.10765797E-02
 0.42000000E+00 -0.54000000E+00  0.00000000E+00  0.25170350E+01  0.25210175E+01 -0.24203513E-02  0.25185972E+01  0.15621287E-02
 0.48000000E+00 -0.54000000E+00  0.00000000E+00  0.25130349E+01  0.25190174E+01 -0.52979823E-02  0.25137195E+01  0.68457768E-03
 0.54000000E+00 -0.54000000E+00  0.00000000E+00  0.25089596E+01  0.25169798E+01 -0.81409321E-02  0.25088388E+01 -0.12070206E-03
 0.60000000E+00 -0.54000000E+00  0.00000000E+00  0.25049193E+01  0.25149597E+01 -0.10233814E-01  0.25047258E+01 -0.19345404E-03
 0.66000000E+00 -0.54000000E+00  0.00000000E+00  0.25010106E+01  0.25130053E+01 -0.12818413E-01  0.25001869E+01 -0.82370296E-03
-0.72000000E+00 -0.48000000E+00  0.00000000E+00  0.24999907E+01  0.25124954E+01 -0.11881893E-01  0.25006135E+01  0.62276741E-03
-0.66000000E+00 -0.48000000E+00  0.00000000E+00  0.25041320E+01  0.25145660E+01 -0.11759069E-01  0.25028069E+01 -0.13250688E-02
-0.60000000E+00 -0.48000000E+00  0.00000000E+00  0.25085098E+01  0.25167549E+01 -0.88527042E-02  0.25079022E+01 -0.60758418E-03
-0.54000000E+00 -0.48000000E+00  0.00000000E+00  0.25130349E+01  0.25190174E+01 -0.52544870E-02  0.25137630E+01  0.72807300E-03
-0.48000000E+00 -0.48000000E+00  0.00000000E+00  0.25175993E+01  0.25212996E+01 -0.36899634E-02  0.25176097E+01  0.10406586E-04
-0.42000000E+00 -0.48000000E+00  0.00000000E+00  0.25220795E+01  0.25235397E+01 -0.21095981E-02  0.25214301E+01 -0.64932805E-03
-0.36000000E+00 -0.48000000E+00  0.00000000E+00  0.25263417E+01  0.25256709E+01  0.57584044E-03  0.25262467E+01 -0.95009558E-04
-0.30000000E+00 -0.48000000E+00  0.00000000E+00  0.25302483E+01  0.25276241E+01  0.27639350E-02  0.25303881E+01  0.13980499E-03
-0.24000000E+00 -0.48000000E+00  0.00000000E+00  0.25336646E+01  0.25293323E+01  0.41509664E-02  0.25334833E+01 -0.18134363E-03
-0.18000000E+00 -0.48000000E+00  0.00000000E+00  0.25364672E+01  0.25307336E+01  0.57817014E-02  0.25365153E+01  0.48101444E-04
-0.12000000E+00 -0.48000000E+00  0.00000000E+00  0.25385506E+01  0.25317753E+01  0.71616747E-02  0.25389370E+01  0.38635473E-03
-0.60000000E-01 -0.48000000E+00  0.00000000E+00  0.25398344E+01  0.25324172E+01  0.76426910E-02  0.25400599E+01  0.22548104E-03
 0.00000000E+00 -0.48000000E+00  0.00000000E+00  0.25402681E+01  0.25326340E+01  0.75700173E-02  0.25402041E+01 -0.64042702E-04
 0.60000000E-01 -0.48000000E+00  0.00000000E+00  0.25398344E+01  0.25324172E+01  0.75641054E-02  0.25399813E+01  0.14689538E-03
 0.12000000E+00 -0.48000000E+00  0.00000000E+00  0.25385506E+01  0.25317753E+01  0.73813405E-02  0.25391567E+01  0.60602048E-03
 0.18000000E+00 -0.48000000E+00  0.00000000E+00  0.25364672E+01  0.25307336E+01  0.60685603E-02  0.25368022E+01  0.33496032E-03
 0.24000000E+00 -0.48000000E+00  0.00000000E+00  0.25336646E+01  0.25293323E+01  0.35276984E-02  0.25328600E+01 -0.80461159E-03
 0.30000000E+00 -0.48000000E+00  0.00000000E+00  0.25302483E+01  0.25276241E+01  0.12815292E-02  0.25289057E+01 -0.13426008E-02
 0.36000000E+00 -0.48000000E+00  0.00000000E+00  0.25263417E+01  0.25256709E+01 -0.44531672E-04  0.25256263E+01 -0.71538167E-03
 0.42000000E+00 -0.48000000E+00  0.00000000E+00  0.25220795E+01  0.25235397E+01 -0.12686240E-02  0.25222711E+01  0.19164603E-03
 0.48000000E+00 -0.48000000E+00  0.00000000E+00  0.25175993E+01  0.25212996E+01 -0.36470564E-02  0.25176526E+01  0.53313625E-04
 0.54000000E+00 -0.48000000E+00  0.00000000E+00  0.25130349E+01  0.25190174E+01 -0.60532701E-02  0.25129642E+01 -0.70710149E-04
 0.60000000E+00 -0.48000000E+00  0.00000000E+00  0.25085098E+01  0.25167549E+01 -0.75301244E-02  0.25092248E+01  0.71499562E-03
 0.66000000E+00 -0.48000000E+00  0.00000000E+00  0.25041320E+01  0.25145660E+01 -0.10357038E-01  0.25042090E+01  0.76961677E-04
 0.72000000E+00 -0.48000000E+00  0.00000000E+00  0.24999907E+01  0.25124954E+01 -0.12232612E-01  0.25002627E+01  0.27204808E-03
-0.78000000E+00 -0.42000000E+00  0.00000000E+00  0.24983790E+01  0.25116895E+01 -0.11474727E-01  0.25002148E+01  0.18357828E-02
-0.72000000E+00 -0.42000000E+00  0.00000000E+00  0.25026190E+01  0.25138095E+01 -0.11389783E-01  0.25024197E+01 -0.19928257E-03
-0.66000000E+00 -0.42000000E+00  0.00000000E+00  0.25071958E+01  0.25160979E+01 -0.97423857E-02  0.25063555E+01 -0.84030572E-03
-0.60000000E+00 -0.42000000E+00  0.00000000E+00  0.25120340E+01  0.25185170E+01 -0.53624070E-02  0.25131546E+01  0.11205830E-02
-0.54000000E+00 -0.42000000E+00  0.00000000E+00  0.25170350E+01  0.25210175E+01 -0.21483866E-02  0.25188691E+01  0.18340934E-02
-0.48000000E+00 -0.42000000E+00  0.00000000E+00  0.25220795E+01  0.25235397E+01 -0.89026047E-03  0.25226495E+01  0.57000953E-03
-0.42000000E+00 -0.42000000E+00  0.00000000E+00  0.25270309E+01  0.25260154E+01  0.10058522E-02  0.25270213E+01 -0.95677610E-05
-0.36000000E+00 -0.42000000E+00  0.00000000E+00  0.25317414E+01  0.25283707E+01  0.40441412E-02  0.25324148E+01  0.67345115E-03
-0.30000000E+00 -0.42000000E+00  0.00000000E+00  0.25360588E+01  0.25305294E+01  0.61982258E-02  0.25367276E+01  0.66884581E-03
-0.24000000E+00 -0.42000000E+00  0.00000000E+00  0.25398344E+01  0.25324172E+01  0.73929356E-02  0.25398102E+01 -0.24274367E-04
-0.18000000E+00 -0.42000000E+00  0.00000000E+00  0.25429318E+01  0.25339659E+01  0.89493550E-02  0.25429152E+01 -0.16525049E-04
-0.12000000E+00 -0.42000000E+00  0.00000000E+00  0.25452343E+01  0.25351172E+01  0.10454120E-01  0.25455713E+01  0.33697008E-03
-0.60000000E-01 -0.42000000E+00  0.00000000E+00  0.25466531E+01  0.25358266E+01  0.11196573E-01  0.25470231E+01  0.37001269E-03
 0.00000000E+00 -0.42000000E+00  0.00000000E+00  0.25471324E+01  0.25360662E+01  0.11296449E-01  0.25473627E+01  0.23024896E-03
 0.60000000E-01 -0.42000000E+00  0.00000000E+00  0.25466531E+01  0.25358266E+01  0.11088192E-01  0.25469148E+01  0.26163203E-03
 0.12000000E+00 -0.42000000E+00  0.00000000E+00  0.25452343E+01  0.25351172E+01  0.10513166E-01  0.25456303E+01  0.39601572E-03
 0.18000000E+00 -0.42000000E+00  0.00000000E+00  0.25429318E+01  0.25339659E+01  0.89930352E-02  0.25429589E+01  0.27155201E-04
 0.24000000E+00 -0.42000000E+00  0.00000000E+00  0.25398344E+01  0.25324172E+01  0.63815883E-02  0.25387988E+01 -0.10356217E-02
 0.30000000E+00 -0.42000000E+00  0.00000000E+00  0.25360588E+01  0.25305294E+01  0.39885592E-02  0.25345179E+01 -0.15408208E-02
 0.36000000E+00 -0.42000000E+00  0.00000000E+00  0.25317414E+01  0.25283707E+01  0.25490870E-02  0.25309198E+01 -0.82160297E-03
 0.42000000E+00 -0.42000000E+00  0.00000000E+00  0.25270309E+01  0.25260154E+01  0.11341455E-02  0.25271496E+01  0.11872551E-03
 0.48000000E+00 -0.42000000E+00  0.00000000E+00  0.25220795E+01  0.25235397E+01 -0.16013206E-02  0.25219384E+01 -0.14105056E-03
 0.54000000E+00 -0.42000000E+00  0.00000000E+00  0.25170350E+01  0.25210175E+01 -0.46609319E-02  0.25163566E+01 -0.67845188E-03
 0.60000000E+00 -0.42000000E+00  0.00000000E+00  0.25120340E+01  0.25185170E+01 -0.62431700E-02  0.25122738E+01  0.23981997E-03
 0.66000000E+00 -0.42000000E+00  0.00000000E+00  0.25071958E+01  0.25160979E+01 -0.87394413E-02  0.25073585E+01  0.16263871E-03
 0.72000000E+00 -0.42000000E+00  0.00000000E+00  0.25026190E+01  0.25138095E+01 -0.11172906E-01  0.25026366E+01  0.17594353E-04
 0.78000000E+00 -0.42000000E+00  0.00000000E+00  0.24983790E+01  0.25116895E+01 -0.11503150E-01  0.25001863E+01  0.18073601E-02
-0.78000000E+00 -0.36000000E+00  0.00000000E+00  0.25004955E+01  0.25127478E+01 -0.12288277E-01  0.25004595E+01 -0.36047260E-04
-0.72000000E+00 -0.36000000E+00  0.00000000E+00  0.25051194E+01  0.25150597E+01 -0.10569925E-01  0.25044898E+01 -0.62963536E-03
-0.66000000E+00 -0.36000000E+00  0.00000000E+00  0.25101106E+01  0.25175553E+01 -0.75301043E-02  0.25100252E+01 -0.85414298E-04
-0.60000000E+00 -0.36000000E+00  0.00000000E+00  0.25153868E+01  0.25201934E+01 -0.34414225E-02  0.25167520E+01  0.13651675E-02
-0.54000000E+00 -0.36000000E+00  0.00000000E+00  0.25208406E+01  0.25229203E+01 -0.77326017E-03  0.25221470E+01  0.13064398E-02
-0.48000000E+00 -0.36000000E+00  0.00000000E+00  0.25263417E+01  0.25256709E+01  0.43152231E-03  0.25261024E+01 -0.23932769E-03
-0.42000000E+00 -0.36000000E+00  0.00000000E+00  0.25317414E+01  0.25283707E+01  0.26275281E-02  0.25309982E+01 -0.74316191E-03
-0.36000000E+00 -0.36000000E+00  0.00000000E+00  0.25368783E+01  0.25309392E+01  0.61896803E-02  0.25371289E+01  0.25051033E-03
-0.30000000E+00 -0.36000000E+00  0.00000000E+00  0.25415866E+01  0.25332933E+01  0.88835414E-02  0.25421769E+01  0.59024144E-03
-0.24000000E+00 -0.36000000E+00  0.00000000E+00  0.25457041E+01  0.25353521E+01  0.10439578E-01  0.25457916E+01  0.87528338E-04
-0.18000000E+00 -0.36000000E+00  0.00000000E+00  0.25490818E+01  0.25370409E+01  0.12004719E-01  0.25490456E+01 -0.36191319E-04
-0.12000000E+00 -0.36000000E+00  0.00000000E+00  0.25515928E+01  0.25382964E+01  0.13365377E-01  0.25516618E+01  0.68966851E-04
-0.60000000E-01 -0.36000000E+00  0.00000000E+00  0.25531401E+01  0.25390701E+01  0.13979362E-01  0.25530494E+01 -0.90688479E-04
 0.00000000E+00 -0.36000000E+00  0.00000000E+00  0.25536628E+01  0.25393314E+01  0.14024249E-01  0.25533556E+01 -0.30715137E-03
 0.60000000E-01 -0.36000000E+00  0.00000000E+00  0.25531401E+01  0.25390701E+01  0.13859935E-01  0.25529300E+01 -0.21011511E-03
 0.12000000E+00 -0.36000000E+00  0.00000000E+00  0.25515928E+01  0.25382964E+01  0.13430419E-01  0.25517268E+01  0.13400877E-03
 0.18000000E+00 -0.36000000E+00  0.00000000E+00  0.25490818E+01  0.25370409E+01  0.12209466E-01  0.25492504E+01  0.16855576E-03
 0.24000000E+00 -0.36000000E+00  0.00000000E+00  0.25457041E+01  0.25353521E+01  0.10170176E-01  0.25455222E+01 -0.18187417E-03
 0.30000000E+00 -0.36000000E+00  0.00000000E+00  0.25415866E+01  0.25332933E+01  0.83004069E-02  0.25415937E+01  0.71068644E-05
 0.36000000E+00 -0.36000000E+00  0.00000000E+00  0.25368783E+01  0.25309392E+01  0.67515663E-02  0.25376907E+01  0.81239627E-03
 0.42000000E+00 -0.36000000E+00  0.00000000E+00  0.25317414E+01  0.25283707E+01  0.44404673E-02  0.25328111E+01  0.10697773E-02
 0.48000000E+00 -0.36000000E+00  0.00000000E+00  0.25263417E+01  0.25256709E+01  0.76736028E-03  0.25264382E+01  0.96510284E-04
 0.54000000E+00 -0.36000000E+00  0.00000000E+00  0.25208406E+01  0.25229203E+01 -0.27386815E-02  0.25201816E+01 -0.65898150E-03
 0.60000000E+00 -0.36000000E+00  0.00000000E+00  0.25153868E+01  0.25201934E+01 -0.48408294E-02  0.25153526E+01 -0.34239365E-04
 0.66000000E+00 -0.36000000E+00  0.00000000E+00  0.25101106E+01  0.25175553E+01 -0.76085075E-02  0.25099468E+01 -0.16381751E-03
 0.72000000E+00 -0.36000000E+00  0.00000000E+00  0.25051194E+01  0.25150597E+01 -0.11031956E-01  0.25040278E+01 -0.10916660E-02
 0.78000000E+00 -0.36000000E+00  0.00000000E+00  0.25004955E+01  0.25127478E+01 -0.12321014E-01  0.25004268E+01 -0.68784339E-04
-0.84000000E+00 -0.30000000E+00  0.00000000E+00  0.24979160E+01  0.25114580E+01 -0.13442140E-01  0.24980159E+01  0.99850364E-04
-0.78000000E+00 -0.30000000E+00  0.00000000E+00  0.25024355E+01  0.25137177E+01 -0.12195815E-01  0.25015219E+01 -0.91354468E-03
-0.72000000E+00 -0.30000000E+00  0.00000000E+00  0.25074112E+01  0.25162056E+01 -0.88064751E-02  0.25073991E+01 -0.12065071E-04
-0.66000000E+00 -0.30000000E+00  0.00000000E+00  0.25127822E+01  0.25188911E+01 -0.62180917E-02  0.25126730E+01 -0.10916172E-03
-0.60000000E+00 -0.30000000E+00  0.00000000E+00  0.25184598E+01  0.25217299E+01 -0.29649601E-02  0.25187649E+01  0.30512985E-03
-0.54000000E+00 -0.30000000E+00  0.00000000E+00  0.25243286E+01  0.25246643E+01 -0.21823920E-03  0.25244461E+01  0.11748080E-03
-0.48000000E+00 -0.30000000E+00  0.00000000E+00  0.25302483E+01  0.25276241E+01  0.13719975E-02  0.25289961E+01 -0.12521325E-02
-0.42000000E+00 -0.30000000E+00  0.00000000E+00  0.25360588E+01  0.25305294E+01  0.40029441E-02  0.25345323E+01 -0.15264359E-02
-0.36000000E+00 -0.30000000E+00  0.00000000E+00  0.25415866E+01  0.25332933E+01  0.79103278E-02  0.25412036E+01 -0.38297216E-03
-0.30000000E+00 -0.30000000E+00  0.00000000E+00  0.25466531E+01  0.25358266E+01  0.10969609E-01  0.25467962E+01  0.14304890E-03
-0.24000000E+00 -0.30000000E+00  0.00000000E+00  0.25510839E+01  0.25380420E+01  0.12971533E-01  0.25510135E+01 -0.70416864E-04
-0.18000000E+00 -0.30000000E+00  0.00000000E+00  0.25547186E+01  0.25398593E+01  0.14762439E-01  0.25546218E+01 -0.96891266E-04
-0.12000000E+00 -0.30000000E+00  0.00000000E+00  0.25574207E+01  0.25412104E+01  0.16117361E-01  0.25573277E+01 -0.92999374E-04
-0.60000000E-01 -0.30000000E+00  0.00000000E+00  0.25590857E+01  0.25420429E+01  0.16681700E-01  0.25587246E+01 -0.36117045E-03
 0.00000000E+00 -0.30000000E+00  0.00000000E+00  0.25596482E+01  0.25423241E+01  0.16736012E-01  0.25590601E+01 -0.58806773E-03
 0.60000000E-01 -0.30000000E+00  0.00000000E+00  0.25590857E+01  0.25420429E+01  0.16641876E-01  0.25586847E+01 -0.40099446E-03
 0.12000000E+00 -0.30000000E+00  0.00000000E+00  0.25574207E+01  0.25412104E+01  0.16245290E-01  0.25574556E+01  0.34929961E-04
 0.18000000E+00 -0.30000000E+00  0.00000000E+00  0.25547186E+01  0.25398593E+01  0.15031945E-01  0.25548913E+01  0.17261527E-03
 0.24000000E+00 -0.30000000E+00  0.00000000E+00  0.25510839E+01  0.25380420E+01  0.13126636E-01  0.25511686E+01  0.84686016E-04
 0.30000000E+00 -0.30000000E+00  0.00000000E+00  0.25466531E+01  0.25358266E+01  0.11325157E-01  0.25471517E+01  0.49859659E-03
 0.36000000E+00 -0.30000000E+00  0.00000000E+00  0.25415866E+01  0.25332933E+01  0.92767438E-02  0.25425701E+01  0.98344382E-03
 0.42000000E+00 -0.30000000E+00  0.00000000E+00  0.25360588E+01  0.25305294E+01  0.57982169E-02  0.25363276E+01  0.26883692E-03
 0.48000000E+00 -0.30000000E+00  0.00000000E+00  0.25302483E+01  0.25276241E+01  0.17387077E-02  0.25293628E+01 -0.88542234E-03
 0.54000000E+00 -0.30000000E+00  0.00000000E+00  0.25243286E+01  0.25246643E+01 -0.82616762E-03  0.25238381E+01 -0.49044762E-03
 0.60000000E+00 -0.30000000E+00  0.00000000E+00  0.25184598E+01  0.25217299E+01 -0.23151954E-02  0.25194147E+01  0.95489460E-03
 0.66000000E+00 -0.30000000E+00  0.00000000E+00  0.25127822E+01  0.25188911E+01 -0.53940549E-02  0.25134970E+01  0.71487512E-03
 0.72000000E+00 -0.30000000E+00  0.00000000E+00  0.25074112E+01  0.25162056E+01 -0.10455585E-01  0.25057500E+01 -0.16611746E-02
 0.78000000E+00 -0.30000000E+00  0.00000000E+00  0.25024355E+01  0.25137177E+01 -0.12442864E-01  0.25012749E+01 -0.11605943E-02
 0.84000000E+00 -0.30000000E+00  0.00000000E+00  0.24979160E+01  0.25114580E+01 -0.12118552E-01  0.24993395E+01  0.14234376E-02
-0.84000000E+00 -0.24000000E+00  0.00000000E+00  0.24993331E+01  0.25121665E+01 -0.11964585E-01  0.25002020E+01  0.86887540E-03
-0.78000000E+00 -0.24000000E+00  0.00000000E+00  0.25041320E+01  0.25145660E+01 -0.10727105E-01  0.25038389E+01 -0.29310532E-03
-0.72000000E+00 -0.24000000E+00  0.00000000E+00  0.25094154E+01  0.25172077E+01 -0.74777356E-02  0.25097300E+01  0.31457441E-03
-0.66000000E+00 -0.24000000E+00  0.00000000E+00  0.25151185E+01  0.25200592E+01 -0.54331414E-02  0.25146261E+01 -0.49237145E-03
-0.60000000E+00 -0.24000000E+00  0.00000000E+00  0.25211472E+01  0.25230736E+01 -0.21795167E-02  0.25208941E+01 -0.25313674E-03
-0.54000000E+00 -0.24000000E+00  0.00000000E+00  0.25273789E+01  0.25261894E+01  0.11172756E-02  0.25273067E+01 -0.72164388E-04
-0.48000000E+00 -0.24000000E+00  0.00000000E+00  0.25336646E+01  0.25293323E+01  0.33552719E-02  0.25326876E+01 -0.97703808E-03
-0.42000000E+00 -0.24000000E+00  0.00000000E+00  0.25398344E+01  0.25324172E+01  0.62832374E-02  0.25387005E+01 -0.11339726E-02
-0.36000000E+00 -0.24000000E+00  0.00000000E+00  0.25457041E+01  0.25353521E+01  0.10031361E-01  0.25453834E+01 -0.32068883E-03
-0.30000000E+00 -0.24000000E+00  0.00000000E+00  0.25510839E+01  0.25380420E+01  0.13081594E-01  0.25511236E+01  0.39643767E-04
-0.24000000E+00 -0.24000000E+00  0.00000000E+00  0.25557887E+01  0.25403943E+01  0.15292733E-01  0.25556871E+01 -0.10160662E-03
-0.18000000E+00 -0.24000000E+00  0.00000000E+00  0.25596482E+01  0.25423241E+01  0.17240596E-01  0.25595647E+01 -0.83484362E-04
-0.12000000E+00 -0.24000000E+00  0.00000000E+00  0.25625173E+01  0.25437587E+01  0.18734357E-01  0.25624930E+01 -0.24303154E-04
-0.60000000E-01 -0.24000000E+00  0.00000000E+00  0.25642853E+01  0.25446427E+01  0.19464583E-01  0.25641072E+01 -0.17806671E-03
 0.00000000E+00 -0.24000000E+00  0.00000000E+00  0.25648825E+01  0.25449413E+01  0.19632414E-01  0.25645737E+01 -0.30884607E-03
 0.60000000E-01 -0.24000000E+00  0.00000000E+00  0.25642853E+01  0.25446427E+01  0.19491205E-01  0.25641339E+01 -0.15144499E-03
 0.12000000E+00 -0.24000000E+00  0.00000000E+00  0.25625173E+01  0.25437587E+01  0.18841201E-01  0.25625999E+01  0.82540959E-04
 0.18000000E+00 -0.24000000E+00  0.00000000E+00  0.25596482E+01  0.25423241E+01  0.17310299E-01  0.25596344E+01 -0.13781334E-04
 0.24000000E+00 -0.24000000E+00  0.00000000E+00  0.25557887E+01  0.25403943E+01  0.15173605E-01  0.25555679E+01 -0.22073465E-03
 0.30000000E+00 -0.24000000E+00  0.00000000E+00  0.25510839E+01  0.25380420E+01  0.13019481E-01  0.25510614E+01 -0.22468505E-04
 0.36000000E+00 -0.24000000E+00  0.00000000E+00  0.25457041E+01  0.25353521E+01  0.10329137E-01  0.25456812E+01 -0.22913415E-04
 0.42000000E+00 -0.24000000E+00  0.00000000E+00  0.25398344E+01  0.25324172E+01  0.63804993E-02  0.25387977E+01 -0.10367107E-02
 0.48000000E+00 -0.24000000E+00  0.00000000E+00  0.25336646E+01  0.25293323E+01  0.29137359E-02  0.25322460E+01 -0.14185741E-02
 0.54000000E+00 -0.24000000E+00  0.00000000E+00  0.25273789E+01  0.25261894E+01  0.13277283E-02  0.25275172E+01  0.13828832E-03
 0.60000000E+00 -0.24000000E+00  0.00000000E+00  0.25211472E+01  0.25230736E+01  0.29138203E-03  0.25233650E+01  0.22177620E-02
 0.66000000E+00 -0.24000000E+00  0.00000000E+00  0.25151185E+01  0.25200592E+01 -0.28153509E-02  0.25172439E+01  0.21254191E-02
 0.72000000E+00 -0.24000000E+00  0.00000000E+00  0.25094154E+01  0.25172077E+01 -0.84886576E-02  0.25087190E+01 -0.69634759E-03
 0.78000000E+00 -0.24000000E+00  0.00000000E+00  0.25041320E+01  0.25145660E+01 -0.11174087E-01  0.25033919E+01 -0.74008684E-03
 0.84000000E+00 -0.24000000E+00  0.00000000E+00  0.24993331E+01  0.25121665E+01 -0.11169803E-01  0.25009967E+01  0.16636567E-02
-0.84000000E+00 -0.18000000E+00  0.00000000E+00  0.25004955E+01  0.25127478E+01 -0.11458860E-01  0.25012889E+01  0.79336972E-03
-0.78000000E+00 -0.18000000E+00  0.00000000E+00  0.25055237E+01  0.25152618E+01 -0.10334437E-01  0.25049274E+01 -0.59628729E-03
-0.72000000E+00 -0.18000000E+00  0.00000000E+00  0.25110595E+01  0.25180298E+01 -0.69037567E-02  0.25111260E+01  0.66503335E-04
-0.66000000E+00 -0.18000000E+00  0.00000000E+00  0.25170350E+01  0.25210175E+01 -0.42931293E-02  0.25167244E+01 -0.31064929E-03
-0.60000000E+00 -0.18000000E+00  0.00000000E+00  0.25233518E+01  0.25241759E+01 -0.62666996E-03  0.25235492E+01  0.19743004E-03
-0.54000000E+00 -0.18000000E+00  0.00000000E+00  0.25298812E+01  0.25274406E+01  0.31236426E-02  0.25305642E+01  0.68306264E-03
-0.48000000E+00 -0.18000000E+00  0.00000000E+00  0.25364672E+01  0.25307336E+01  0.59213509E-02  0.25366549E+01  0.18775091E-03
-0.42000000E+00 -0.18000000E+00  0.00000000E+00  0.25429318E+01  0.25339659E+01  0.88364857E-02  0.25428024E+01 -0.12939431E-03
-0.36000000E+00 -0.18000000E+00  0.00000000E+00  0.25490818E+01  0.25370409E+01  0.12129708E-01  0.25491706E+01  0.88797867E-04
-0.30000000E+00 -0.18000000E+00  0.00000000E+00  0.25547186E+01  0.25398593E+01  0.15084423E-01  0.25549437E+01  0.22509331E-03
-0.24000000E+00 -0.18000000E+00  0.00000000E+00  0.25596482E+01  0.25423241E+01  0.17445589E-01  0.25597697E+01  0.12150947E-03
-0.18000000E+00 -0.18000000E+00  0.00000000E+00  0.25636920E+01  0.25443460E+01  0.19420771E-01  0.25637668E+01  0.74750814E-04
-0.12000000E+00 -0.18000000E+00  0.00000000E+00  0.25666983E+01  0.25458491E+01  0.20963153E-01  0.25668123E+01  0.11402340E-03
-0.60000000E-01 -0.18000000E+00  0.00000000E+00  0.25685507E+01  0.25467753E+01  0.21850923E-01  0.25686263E+01  0.75572753E-04
 0.00000000E+00 -0.18000000E+00  0.00000000E+00  0.25691765E+01  0.25470882E+01  0.22115107E-01  0.25692033E+01  0.26886588E-04
 0.60000000E-01 -0.18000000E+00  0.00000000E+00  0.25685507E+01  0.25467753E+01  0.21872373E-01  0.25686477E+01  0.97022767E-04
 0.12000000E+00 -0.18000000E+00  0.00000000E+00  0.25666983E+01  0.25458491E+01  0.20983358E-01  0.25668325E+01  0.13422817E-03
 0.18000000E+00 -0.18000000E+00  0.00000000E+00  0.25636920E+01  0.25443460E+01  0.19274111E-01  0.25636201E+01 -0.71909384E-04
 0.24000000E+00 -0.18000000E+00  0.00000000E+00  0.25596482E+01  0.25423241E+01  0.17045359E-01  0.25593694E+01 -0.27872103E-03
 0.30000000E+00 -0.18000000E+00  0.00000000E+00  0.25547186E+01  0.25398593E+01  0.14692692E-01  0.25545520E+01 -0.16663821E-03
 0.36000000E+00 -0.18000000E+00  0.00000000E+00  0.25490818E+01  0.25370409E+01  0.11819286E-01  0.25488602E+01 -0.22162362E-03
 0.42000000E+00 -0.18000000E+00  0.00000000E+00  0.25429318E+01  0.25339659E+01  0.81211068E-02  0.25420870E+01 -0.84477325E-03
 0.48000000E+00 -0.18000000E+00  0.00000000E+00  0.25364672E+01  0.25307336E+01  0.49353909E-02  0.25356690E+01 -0.79820913E-03
 0.54000000E+00 -0.18000000E+00  0.00000000E+00  0.25298812E+01  0.25274406E+01  0.30003830E-02  0.25304410E+01  0.55980303E-03
 0.60000000E+00 -0.18000000E+00  0.00000000E+00  0.25233518E+01  0.25241759E+01  0.11776421E-02  0.25253535E+01  0.20017421E-02
 0.66000000E+00 -0.18000000E+00  0.00000000E+00  0.25170350E+01  0.25210175E+01 -0.19746762E-02  0.25190428E+01  0.20078038E-02
 0.72000000E+00 -0.18000000E+00  0.00000000E+00  0.25110595E+01  0.25180298E+01 -0.73015331E-02  0.25107282E+01 -0.33127306E-03
 0.78000000E+00 -0.18000000E+00  0.00000000E+00  0.25055237E+01  0.25152618E+01 -0.10627462E-01  0.25046344E+01 -0.88931199E-03
 0.84000000E+00 -0.18000000E+00  0.00000000E+00  0.25004955E+01  0.25127478E+01 -0.10868760E-01  0.25018790E+01  0.13834696E-02
-0.84000000E+00 -0.12000000E+00  0.00000000E+00  0.25013597E+01  0.25131799E+01 -0.11323680E-01  0.25018562E+01  0.49647024E-03
-0.78000000E+00 -0.12000000E+00  0.00000000E+00  0.25065583E+01  0.25157792E+01 -0.10077247E-01  0.25057019E+01 -0.85640667E-03
-0.72000000E+00 -0.12000000E+00  0.00000000E+00  0.25122817E+01  0.25186409E+01 -0.61947725E-02  0.25124461E+01  0.16436754E-03
-0.66000000E+00 -0.12000000E+00  0.00000000E+00  0.25184598E+01  0.25217299E+01 -0.28932669E-02  0.25188366E+01  0.37682312E-03
-0.60000000E+00 -0.12000000E+00  0.00000000E+00  0.25249907E+01  0.25249954E+01  0.41924982E-03  0.25254146E+01  0.42390982E-03
-0.54000000E+00 -0.12000000E+00  0.00000000E+00  0.25317414E+01  0.25283707E+01  0.40093100E-02  0.25323800E+01  0.63862000E-03
-0.48000000E+00 -0.12000000E+00  0.00000000E+00  0.25385506E+01  0.25317753E+01  0.73429098E-02  0.25391182E+01  0.56758980E-03
-0.42000000E+00 -0.12000000E+00  0.00000000E+00  0.25452343E+01  0.25351172E+01  0.10341332E-01  0.25454585E+01  0.22418171E-03
-0.36000000E+00 -0.12000000E+00  0.00000000E+00  0.25515928E+01  0.25382964E+01  0.13306719E-01  0.25516031E+01  0.10308961E-04
-0.30000000E+00 -0.12000000E+00  0.00000000E+00  0.25574207E+01  0.25412104E+01  0.16232655E-01  0.25574430E+01  0.22294665E-04
-0.24000000E+00 -0.12000000E+00  0.00000000E+00  0.25625173E+01  0.25437587E+01  0.18852364E-01  0.25626110E+01  0.93704282E-04
-0.18000000E+00 -0.12000000E+00  0.00000000E+00  0.25666983E+01  0.25458491E+01  0.20941767E-01  0.25667909E+01  0.92636799E-04
-0.12000000E+00 -0.12000000E+00  0.00000000E+00  0.25698064E+01  0.25474032E+01  0.22483854E-01  0.25698871E+01  0.80664072E-04
-0.60000000E-01 -0.12000000E+00  0.00000000E+00  0.25717216E+01  0.25483608E+01  0.23398838E-01  0.25717596E+01  0.38037844E-04
 0.00000000E+00 -0.12000000E+00  0.00000000E+00  0.25723686E+01  0.25486843E+01  0.23694746E-01  0.25723790E+01  0.10465630E-04
 0.60000000E-01 -0.12000000E+00  0.00000000E+00  0.25717216E+01  0.25483608E+01  0.23432408E-01  0.25717932E+01  0.71608406E-04
 0.12000000E+00 -0.12000000E+00  0.00000000E+00  0.25698064E+01  0.25474032E+01  0.22511068E-01  0.25699143E+01  0.10787755E-03
 0.18000000E+00 -0.12000000E+00  0.00000000E+00  0.25666983E+01  0.25458491E+01  0.20819913E-01  0.25666691E+01 -0.29217281E-04
 0.24000000E+00 -0.12000000E+00  0.00000000E+00  0.25625173E+01  0.25437587E+01  0.18599790E-01  0.25623585E+01 -0.15887049E-03
 0.30000000E+00 -0.12000000E+00  0.00000000E+00  0.25574207E+01  0.25412104E+01  0.16219979E-01  0.25574303E+01  0.96187865E-05
 0.36000000E+00 -0.12000000E+00  0.00000000E+00  0.25515928E+01  0.25382964E+01  0.13515940E-01  0.25518124E+01  0.21953027E-03
 0.42000000E+00 -0.12000000E+00  0.00000000E+00  0.25452343E+01  0.25351172E+01  0.10062336E-01  0.25451795E+01 -0.54814306E-04
 0.48000000E+00 -0.12000000E+00  0.00000000E+00  0.25385506E+01  0.25317753E+01  0.63796377E-02  0.25381549E+01 -0.39568228E-03
 0.54000000E+00 -0.12000000E+00  0.00000000E+00  0.25317414E+01  0.25283707E+01  0.31353153E-02  0.25315060E+01 -0.23537471E-03
 0.60000000E+00 -0.12000000E+00  0.00000000E+00  0.25249907E+01  0.25249954E+01  0.32789219E-03  0.25253232E+01  0.33255219E-03
 0.66000000E+00 -0.12000000E+00  0.00000000E+00  0.25184598E+01  0.25217299E+01 -0.22362893E-02  0.25194936E+01  0.10338007E-02
 0.72000000E+00 -0.12000000E+00  0.00000000E+00  0.25122817E+01  0.25186409E+01 -0.64411850E-02  0.25121997E+01 -0.82044972E-04
 0.78000000E+00 -0.12000000E+00  0.00000000E+00  0.25065583E+01  0.25157792E+01 -0.10206288E-01  0.25055729E+01 -0.98544848E-03
 0.84000000E+00 -0.12000000E+00  0.00000000E+00  0.25013597E+01  0.25131799E+01 -0.11072668E-01  0.25021072E+01  0.74748246E-03
-0.84000000E+00 -0.60000000E-01  0.00000000E+00  0.25018922E+01  0.25134461E+01 -0.11209559E-01  0.25022366E+01  0.34433079E-03
-0.78000000E+00 -0.60000000E-01  0.00000000E+00  0.25071958E+01  0.25160979E+01 -0.97083509E-02  0.25063896E+01 -0.80627093E-03
-0.72000000E+00 -0.60000000E-01  0.00000000E+00  0.25130349E+01  0.25190174E+01 -0.51590852E-02  0.25138584E+01  0.82347481E-03
-0.66000000E+00 -0.60000000E-01  0.00000000E+00  0.25193378E+01  0.25221689E+01 -0.19187678E-02  0.25202501E+01  0.91234219E-03
-0.60000000E+00 -0.60000000E-01  0.00000000E+00  0.25260006E+01  0.25255003E+01  0.27381067E-03  0.25257741E+01 -0.22646933E-03
-0.54000000E+00 -0.60000000E-01  0.00000000E+00  0.25328876E+01  0.25289438E+01  0.34923879E-02  0.25324362E+01 -0.45142210E-03
-0.48000000E+00 -0.60000000E-01  0.00000000E+00  0.25398344E+01  0.25324172E+01  0.75704651E-02  0.25399877E+01  0.15325508E-03
-0.42000000E+00 -0.60000000E-01  0.00000000E+00  0.25466531E+01  0.25358266E+01  0.11042064E-01  0.25468686E+01  0.21550417E-03
-0.36000000E+00 -0.60000000E-01  0.00000000E+00  0.25531401E+01  0.25390701E+01  0.13867081E-01  0.25529371E+01 -0.20296858E-03
-0.30000000E+00 -0.60000000E-01  0.00000000E+00  0.25590857E+01  0.25420429E+01  0.16668334E-01  0.25587112E+01 -0.37453602E-03
-0.24000000E+00 -0.60000000E-01  0.00000000E+00  0.25642853E+01  0.25446427E+01  0.19439502E-01  0.25640822E+01 -0.20314840E-03
-0.18000000E+00 -0.60000000E-01  0.00000000E+00  0.25685507E+01  0.25467753E+01  0.21718162E-01  0.25684935E+01 -0.57188107E-04
-0.12000000E+00 -0.60000000E-01  0.00000000E+00  0.25717216E+01  0.25483608E+01  0.23287059E-01  0.25716479E+01 -0.73740948E-04
-0.60000000E-01 -0.60000000E-01  0.00000000E+00  0.25736755E+01  0.25493378E+01  0.24140133E-01  0.25734779E+01 -0.19762708E-03
 0.00000000E+00 -0.60000000E-01  0.00000000E+00  0.25743355E+01  0.25496678E+01  0.24412114E-01  0.25740799E+01 -0.25565556E-03
 0.60000000E-01 -0.60000000E-01  0.00000000E+00  0.25736755E+01  0.25493378E+01  0.24184923E-01  0.25735227E+01 -0.15283720E-03
 0.12000000E+00 -0.60000000E-01  0.00000000E+00  0.25717216E+01  0.25483608E+01  0.23343111E-01  0.25717039E+01 -0.17689440E-04
 0.18000000E+00 -0.60000000E-01  0.00000000E+00  0.25685507E+01  0.25467753E+01  0.21720939E-01  0.25684963E+01 -0.54411341E-04
 0.24000000E+00 -0.60000000E-01  0.00000000E+00  0.25642853E+01  0.25446427E+01  0.19497849E-01  0.25641405E+01 -0.14480051E-03
 0.30000000E+00 -0.60000000E-01  0.00000000E+00  0.25590857E+01  0.25420429E+01  0.17118042E-01  0.25591609E+01  0.75171742E-04
 0.36000000E+00 -0.60000000E-01  0.00000000E+00  0.25531401E+01  0.25390701E+01  0.14598654E-01  0.25536687E+01  0.52860433E-03
 0.42000000E+00 -0.60000000E-01  0.00000000E+00  0.25466531E+01  0.25358266E+01  0.11353345E-01  0.25471799E+01  0.52678472E-03
 0.48000000E+00 -0.60000000E-01  0.00000000E+00  0.25398344E+01  0.25324172E+01  0.70405805E-02  0.25394578E+01 -0.37662954E-03
 0.54000000E+00 -0.60000000E-01  0.00000000E+00  0.25328876E+01  0.25289438E+01  0.24411185E-02  0.25313849E+01 -0.15026915E-02
 0.60000000E+00 -0.60000000E-01  0.00000000E+00  0.25260006E+01  0.25255003E+01 -0.78760982E-03  0.25247127E+01 -0.12878898E-02
 0.66000000E+00 -0.60000000E-01  0.00000000E+00  0.25193378E+01  0.25221689E+01 -0.24939188E-02  0.25196750E+01  0.33719119E-03
 0.72000000E+00 -0.60000000E-01  0.00000000E+00  0.25130349E+01  0.25190174E+01 -0.54992761E-02  0.25135182E+01  0.48328386E-03
 0.78000000E+00 -0.60000000E-01  0.00000000E+00  0.25071958E+01  0.25160979E+01 -0.98039250E-02  0.25062940E+01 -0.90184504E-03
 0.84000000E+00 -0.60000000E-01  0.00000000E+00  0.25018922E+01  0.25134461E+01 -0.11284608E-01  0.25021615E+01  0.26928166E-03
-0.84000000E+00  0.00000000E+00  0.00000000E+00  0.25020721E+01  0.25135360E+01 -0.11271350E-01  0.25022647E+01  0.19260010E-03
-0.78000000E+00  0.00000000E+00  0.00000000E+00  0.25074112E+01  0.25162056E+01 -0.97077886E-02  0.25064978E+01 -0.91337863E-03
-0.72000000E+00  0.00000000E+00  0.00000000E+00  0.25132893E+01  0.25191446E+01 -0.48246076E-02  0.25143200E+01  0.10307424E-02
-0.66000000E+00  0.00000000E+00  0.00000000E+00  0.25196343E+01  0.25223172E+01 -0.20944405E-02  0.25202227E+01  0.58838953E-03
-0.60000000E+00  0.00000000E+00  0.00000000E+00  0.25263417E+01  0.25256709E+01 -0.58986110E-03  0.25250810E+01 -0.12607111E-02
-0.54000000E+00  0.00000000E+00  0.00000000E+00  0.25332748E+01  0.25291374E+01  0.25856103E-02  0.25317230E+01 -0.15518097E-02
-0.48000000E+00  0.00000000E+00  0.00000000E+00  0.25402681E+01  0.25326340E+01  0.73776694E-02  0.25400117E+01 -0.25639059E-03
-0.42000000E+00  0.00000000E+00  0.00000000E+00  0.25471324E+01  0.25360662E+01  0.11501926E-01  0.25475681E+01  0.43572646E-03
-0.36000000E+00  0.00000000E+00  0.00000000E+00  0.25536628E+01  0.25393314E+01  0.14422708E-01  0.25537541E+01  0.91307829E-04
-0.30000000E+00  0.00000000E+00  0.00000000E+00  0.25596482E+01  0.25423241E+01  0.17011855E-01  0.25593359E+01 -0.31222493E-03
-0.24000000E+00  0.00000000E+00  0.00000000E+00  0.25648825E+01  0.25449413E+01  0.19660262E-01  0.25646015E+01 -0.28099817E-03
-0.18000000E+00  0.00000000E+00  0.00000000E+00  0.25691765E+01  0.25470882E+01  0.22013746E-01  0.25691020E+01 -0.74473972E-04
-0.12000000E+00  0.00000000E+00  0.00000000E+00  0.25723686E+01  0.25486843E+01  0.23609805E-01  0.25722941E+01 -0.74474549E-04
-0.60000000E-01  0.00000000E+00  0.00000000E+00  0.25743355E+01  0.25496678E+01  0.24391539E-01  0.25740593E+01 -0.27623052E-03
 0.00000000E+00  0.00000000E+00  0.00000000E+00  0.25750000E+01  0.25500000E+01  0.24611256E-01  0.25746113E+01 -0.38874369E-03
 0.60000000E-01  0.00000000E+00  0.00000000E+00  0.25743355E+01  0.25496678E+01  0.24390489E-01  0.25740583E+01 -0.27728075E-03
 0.12000000E+00  0.00000000E+00  0.00000000E+00  0.25723686E+01  0.25486843E+01  0.23583132E-01  0.25722674E+01 -0.10114793E-03
 0.18000000E+00  0.00000000E+00  0.00000000E+00  0.25691765E+01  0.25470882E+01  0.21988405E-01  0.25690766E+01 -0.99815310E-04
 0.24000000E+00  0.00000000E+00  0.00000000E+00  0.25648825E+01  0.25449413E+01  0.19766589E-01  0.25647078E+01 -0.17467133E-03
 0.30000000E+00  0.00000000E+00  0.00000000E+00  0.25596482E+01  0.25423241E+01  0.17388356E-01  0.25597124E+01  0.64276492E-04
 0.36000000E+00  0.00000000E+00  0.00000000E+00  0.25536628E+01  0.25393314E+01  0.14939370E-01  0.25542708E+01  0.60797019E-03
 0.42000000E+00  0.00000000E+00  0.00000000E+00  0.25471324E+01  0.25360662E+01  0.11793455E-01  0.25478597E+01  0.72725464E-03
 0.48000000E+00  0.00000000E+00  0.00000000E+00  0.25402681E+01  0.25326340E+01  0.71876568E-02  0.25398217E+01 -0.44640319E-03
 0.54000000E+00  0.00000000E+00  0.00000000E+00  0.25332748E+01  0.25291374E+01  0.20155487E-02  0.25311530E+01 -0.21218713E-02
 0.60000000E+00  0.00000000E+00  0.00000000E+00  0.25263417E+01  0.25256709E+01 -0.12372324E-02  0.25244336E+01 -0.19080824E-02
 0.66000000E+00  0.00000000E+00  0.00000000E+00  0.25196343E+01  0.25223172E+01 -0.25536329E-02  0.25197635E+01  0.12919710E-03
 0.72000000E+00  0.00000000E+00  0.00000000E+00  0.25132893E+01  0.25191446E+01 -0.50439214E-02  0.25141007E+01  0.81142856E-03
 0.78000000E+00  0.00000000E+00  0.00000000E+00  0.25074112E+01  0.25162056E+01 -0.97666220E-02  0.25064390E+01 -0.97221199E-03
 0.84000000E+00  0.00000000E+00  0.00000000E+00  0.25020721E+01  0.25135360E+01 -0.11279378E-01  0.25022567E+01  0.18457193E-03
-0.84000000E+00  0.60000000E-01  0.00000000E+00  0.25018922E+01  0.25134461E+01 -0.11417870E-01  0.25020282E+01  0.13601976E-03
-0.78000000E+00  0.60000000E-01  0.00000000E+00  0.25071958E+01  0.25160979E+01 -0.98328281E-02  0.25062651E+01 -0.93074806E-03
-0.72000000E+00  0.60000000E-01  0.00000000E+00  0.25130349E+01  0.25190174E+01 -0.56203517E-02  0.25133971E+01  0.36220827E-03
-0.66000000E+00  0.60000000E-01  0.00000000E+00  0.25193378E+01  0.25221689E+01 -0.26950228E-02  0.25194739E+01  0.13608715E-03
-0.60000000E+00  0.60000000E-01  0.00000000E+00  0.25260006E+01  0.25255003E+01 -0.90793604E-03  0.25245924E+01 -0.14082160E-02
-0.54000000E+00  0.60000000E-01  0.00000000E+00  0.25328876E+01  0.25289438E+01  0.24623462E-02  0.25314062E+01 -0.14814638E-02
-0.48000000E+00  0.60000000E-01  0.00000000E+00  0.25398344E+01  0.25324172E+01  0.71288997E-02  0.25395461E+01 -0.28831030E-03
-0.42000000E+00  0.60000000E-01  0.00000000E+00  0.25466531E+01  0.25358266E+01  0.11414166E-01  0.25472407E+01  0.58760611E-03
-0.36000000E+00  0.60000000E-01  0.00000000E+00  0.25531401E+01  0.25390701E+01  0.14596975E-01  0.25536670E+01  0.52692506E-03
-0.30000000E+00  0.60000000E-01  0.00000000E+00  0.25590857E+01  0.25420429E+01  0.17075493E-01  0.25591184E+01  0.32623036E-04
-0.24000000E+00  0.60000000E-01  0.00000000E+00  0.25642853E+01  0.25446427E+01  0.19504501E-01  0.25641472E+01 -0.13814886E-03
-0.18000000E+00  0.60000000E-01  0.00000000E+00  0.25685507E+01  0.25467753E+01  0.21813671E-01  0.25685890E+01  0.38321107E-04
-0.12000000E+00  0.60000000E-01  0.00000000E+00  0.25717216E+01  0.25483608E+01  0.23436527E-01  0.25717973E+01  0.75727479E-04
-0.60000000E-01  0.60000000E-01  0.00000000E+00  0.25736755E+01  0.25493378E+01  0.24220369E-01  0.25735581E+01 -0.11739132E-03
 0.00000000E+00  0.60000000E-01  0.00000000E+00  0.25743355E+01  0.25496678E+01  0.24437845E-01  0.25741056E+01 -0.22992510E-03
 0.60000000E-01  0.60000000E-01  0.00000000E+00  0.25736755E+01  0.25493378E+01  0.24202196E-01  0.25735400E+01 -0.13556449E-03
 0.12000000E+00  0.60000000E-01  0.00000000E+00  0.25717216E+01  0.25483608E+01  0.23342837E-01  0.25717036E+01 -0.17963464E-04
 0.18000000E+00  0.60000000E-01  0.00000000E+00  0.25685507E+01  0.25467753E+01  0.21705440E-01  0.25684808E+01 -0.69909740E-04
 0.24000000E+00  0.60000000E-01  0.00000000E+00  0.25642853E+01  0.25446427E+01  0.19487763E-01  0.25641304E+01 -0.15488741E-03
 0.30000000E+00  0.60000000E-01  0.00000000E+00  0.25590857E+01  0.25420429E+01  0.17114614E-01  0.25591575E+01  0.71743952E-04
 0.36000000E+00  0.60000000E-01  0.00000000E+00  0.25531401E+01  0.25390701E+01  0.14593232E-01  0.25536633E+01  0.52318231E-03
 0.42000000E+00  0.60000000E-01  0.00000000E+00  0.25466531E+01  0.25358266E+01  0.11346715E-01  0.25471733E+01  0.52015536E-03
 0.48000000E+00  0.60000000E-01  0.00000000E+00  0.25398344E+01  0.25324172E+01  0.70369278E-02  0.25394541E+01 -0.38028216E-03
 0.54000000E+00  0.60000000E-01  0.00000000E+00  0.25328876E+01  0.25289438E+01  0.24403620E-02  0.25313842E+01 -0.15034480E-02
 0.60000000E+00  0.60000000E-01  0.00000000E+00  0.25260006E+01  0.25255003E+01 -0.78751344E-03  0.25247128E+01 -0.12877934E-02
 0.66000000E+00  0.60000000E-01  0.00000000E+00  0.25193378E+01  0.25221689E+01 -0.24938274E-02  0.25196751E+01  0.33728263E-03
 0.72000000E+00  0.60000000E-01  0.00000000E+00  0.25130349E+01  0.25190174E+01 -0.54993008E-02  0.25135181E+01  0.48325920E-03
 0.78000000E+00  0.60000000E-01  0.00000000E+00  0.25071958E+01  0.25160979E+01 -0.98039257E-02  0.25062940E+01 -0.90184569E-03
 0.84000000E+00  0.60000000E-01  0.00000000E+00  0.25018922E+01  0.25134461E+01 -0.11284378E-01  0.25021617E+01  0.26951175E-03
-0.84000000E+00  0.12000000E+00  0.00000000E+00  0.25013597E+01  0.25131799E+01 -0.11089271E-01  0.25020906E+01  0.73087948E-03
-0.78000000E+00  0.12000000E+00  0.00000000E+00  0.25065583E+01  0.25157792E+01 -0.10167638E-01  0.25056115E+01 -0.94679831E-03
-0.72000000E+00  0.12000000E+00  0.00000000E+00  0.25122817E+01  0.25186409E+01 -0.66463552E-02  0.25119945E+01 -0.28721520E-03
-0.66000000E+00  0.12000000E+00  0.00000000E+00  0.25184598E+01  0.25217299E+01 -0.26586420E-02  0.25190713E+01  0.61144803E-03
-0.60000000E+00  0.12000000E+00  0.00000000E+00  0.25249907E+01  0.25249954E+01 -0.95901606E-05  0.25249858E+01 -0.49301606E-05
-0.54000000E+00  0.12000000E+00  0.00000000E+00  0.25317414E+01  0.25283707E+01  0.30253151E-02  0.25313960E+01 -0.34537492E-03
-0.48000000E+00  0.12000000E+00  0.00000000E+00  0.25385506E+01  0.25317753E+01  0.64622463E-02  0.25382376E+01 -0.31307369E-03
-0.42000000E+00  0.12000000E+00  0.00000000E+00  0.25452343E+01  0.25351172E+01  0.10270564E-01  0.25453877E+01  0.15341371E-03
-0.36000000E+00  0.12000000E+00  0.00000000E+00  0.25515928E+01  0.25382964E+01  0.13712537E-01  0.25520090E+01  0.41612712E-03
-0.30000000E+00  0.12000000E+00  0.00000000E+00  0.25574207E+01  0.25412104E+01  0.16291475E-01  0.25575018E+01  0.81114903E-04
-0.24000000E+00  0.12000000E+00  0.00000000E+00  0.25625173E+01  0.25437587E+01  0.18620060E-01  0.25623787E+01 -0.13859963E-03
-0.18000000E+00  0.12000000E+00  0.00000000E+00  0.25666983E+01  0.25458491E+01  0.20877769E-01  0.25667269E+01  0.28638929E-04
-0.12000000E+00  0.12000000E+00  0.00000000E+00  0.25698064E+01  0.25474032E+01  0.22549352E-01  0.25699526E+01  0.14616188E-03
-0.60000000E-01  0.12000000E+00  0.00000000E+00  0.25717216E+01  0.25483608E+01  0.23411194E-01  0.25717720E+01  0.50393678E-04
 0.00000000E+00  0.12000000E+00  0.00000000E+00  0.25723686E+01  0.25486843E+01  0.23688301E-01  0.25723726E+01  0.40207843E-05
 0.60000000E-01  0.12000000E+00  0.00000000E+00  0.25717216E+01  0.25483608E+01  0.23457077E-01  0.25718179E+01  0.96277468E-04
 0.12000000E+00  0.12000000E+00  0.00000000E+00  0.25698064E+01  0.25474032E+01  0.22526378E-01  0.25699296E+01  0.12318766E-03
 0.18000000E+00  0.12000000E+00  0.00000000E+00  0.25666983E+01  0.25458491E+01  0.20812127E-01  0.25666613E+01 -0.37002531E-04
 0.24000000E+00  0.12000000E+00  0.00000000E+00  0.25625173E+01  0.25437587E+01  0.18596565E-01  0.25623552E+01 -0.16209482E-03
 0.30000000E+00  0.12000000E+00  0.00000000E+00  0.25574207E+01  0.25412104E+01  0.16224885E-01  0.25574352E+01  0.14525369E-04
 0.36000000E+00  0.12000000E+00  0.00000000E+00  0.25515928E+01  0.25382964E+01  0.13516017E-01  0.25518124E+01  0.21960678E-03
 0.42000000E+00  0.12000000E+00  0.00000000E+00  0.25452343E+01  0.25351172E+01  0.10057919E-01  0.25451751E+01 -0.59230826E-04
 0.48000000E+00  0.12000000E+00  0.00000000E+00  0.25385506E+01  0.25317753E+01  0.63770031E-02  0.25381523E+01 -0.39831694E-03
 0.54000000E+00  0.12000000E+00  0.00000000E+00  0.25317414E+01  0.25283707E+01  0.31352097E-02  0.25315059E+01 -0.23548027E-03
 0.60000000E+00  0.12000000E+00  0.00000000E+00  0.25249907E+01  0.25249954E+01  0.32843356E-03  0.25253238E+01  0.33309356E-03
 0.66000000E+00  0.12000000E+00  0.00000000E+00  0.25184598E+01  0.25217299E+01 -0.22360112E-02  0.25194939E+01  0.10340788E-02
 0.72000000E+00  0.12000000E+00  0.00000000E+00  0.25122817E+01  0.25186409E+01 -0.64412216E-02  0.25121996E+01 -0.82081569E-04
 0.78000000E+00  0.12000000E+00  0.00000000E+00  0.25065583E+01  0.25157792E+01 -0.10206441E-01  0.25055727E+01 -0.98560060E-03
 0.84000000E+00  0.12000000E+00  0.00000000E+00  0.25013597E+01  0.25131799E+01 -0.11072625E-01  0.25021072E+01  0.74752526E-03
-0.84000000E+00  0.18000000E+00  0.00000000E+00  0.25004955E+01  0.25127478E+01 -0.10743186E-01  0.25020046E+01  0.15090441E-02
-0.78000000E+00  0.18000000E+00  0.00000000E+00  0.25055237E+01  0.25152618E+01 -0.10514689E-01  0.25047472E+01 -0.77653887E-03
-0.72000000E+00  0.18000000E+00  0.00000000E+00  0.25110595E+01  0.25180298E+01 -0.74206542E-02  0.25106091E+01 -0.45039416E-03
-0.66000000E+00  0.18000000E+00  0.00000000E+00  0.25170350E+01  0.25210175E+01 -0.22999199E-02  0.25187176E+01  0.16825601E-02
-0.60000000E+00  0.18000000E+00  0.00000000E+00  0.25233518E+01  0.25241759E+01  0.94064525E-03  0.25251165E+01  0.17647453E-02
-0.54000000E+00  0.18000000E+00  0.00000000E+00  0.25298812E+01  0.25274406E+01  0.29337479E-02  0.25303743E+01  0.49316789E-03
-0.48000000E+00  0.18000000E+00  0.00000000E+00  0.25364672E+01  0.25307336E+01  0.49957663E-02  0.25357294E+01 -0.73783367E-03
-0.42000000E+00  0.18000000E+00  0.00000000E+00  0.25429318E+01  0.25339659E+01  0.82656752E-02  0.25422315E+01 -0.70020483E-03
-0.36000000E+00  0.18000000E+00  0.00000000E+00  0.25490818E+01  0.25370409E+01  0.11941985E-01  0.25489829E+01 -0.98925439E-04
-0.30000000E+00  0.18000000E+00  0.00000000E+00  0.25547186E+01  0.25398593E+01  0.14708616E-01  0.25545679E+01 -0.15071423E-03
-0.24000000E+00  0.18000000E+00  0.00000000E+00  0.25596482E+01  0.25423241E+01  0.17014401E-01  0.25593385E+01 -0.30967883E-03
-0.18000000E+00  0.18000000E+00  0.00000000E+00  0.25636920E+01  0.25443460E+01  0.19259385E-01  0.25636054E+01 -0.86635245E-04
-0.12000000E+00  0.18000000E+00  0.00000000E+00  0.25666983E+01  0.25458491E+01  0.20947843E-01  0.25667970E+01  0.98712831E-04
-0.60000000E-01  0.18000000E+00  0.00000000E+00  0.25685507E+01  0.25467753E+01  0.21798509E-01  0.25685739E+01  0.23159136E-04
 0.00000000E+00  0.18000000E+00  0.00000000E+00  0.25691765E+01  0.25470882E+01  0.22068891E-01  0.25691571E+01 -0.19329005E-04
 0.60000000E-01  0.18000000E+00  0.00000000E+00  0.25685507E+01  0.25467753E+01  0.21876267E-01  0.25686516E+01  0.10091716E-03
 0.12000000E+00  0.18000000E+00  0.00000000E+00  0.25666983E+01  0.25458491E+01  0.20987961E-01  0.25668371E+01  0.13883076E-03
 0.18000000E+00  0.18000000E+00  0.00000000E+00  0.25636920E+01  0.25443460E+01  0.19262892E-01  0.25636089E+01 -0.83128387E-04
 0.24000000E+00  0.18000000E+00  0.00000000E+00  0.25596482E+01  0.25423241E+01  0.17046663E-01  0.25593708E+01 -0.27741679E-03
 0.30000000E+00  0.18000000E+00  0.00000000E+00  0.25547186E+01  0.25398593E+01  0.14707301E-01  0.25545666E+01 -0.15202873E-03
 0.36000000E+00  0.18000000E+00  0.00000000E+00  0.25490818E+01  0.25370409E+01  0.11829345E-01  0.25488703E+01 -0.21156460E-03
 0.42000000E+00  0.18000000E+00  0.00000000E+00  0.25429318E+01  0.25339659E+01  0.81230482E-02  0.25420889E+01 -0.84283179E-03
 0.48000000E+00  0.18000000E+00  0.00000000E+00  0.25364672E+01  0.25307336E+01  0.49352536E-02  0.25356688E+01 -0.79834636E-03
 0.54000000E+00  0.18000000E+00  0.00000000E+00  0.25298812E+01  0.25274406E+01  0.30008154E-02  0.25304414E+01  0.56023540E-03
 0.60000000E+00  0.18000000E+00  0.00000000E+00  0.25233518E+01  0.25241759E+01  0.11783463E-02  0.25253542E+01  0.20024463E-02
 0.66000000E+00  0.18000000E+00  0.00000000E+00  0.25170350E+01  0.25210175E+01 -0.19742813E-02  0.25190432E+01  0.20081987E-02
 0.72000000E+00  0.18000000E+00  0.00000000E+00  0.25110595E+01  0.25180298E+01 -0.73015454E-02  0.25107282E+01 -0.33128535E-03
 0.78000000E+00  0.18000000E+00  0.00000000E+00  0.25055237E+01  0.25152618E+01 -0.10627665E-01  0.25046342E+01 -0.88951466E-03
 0.84000000E+00  0.18000000E+00  0.00000000E+00  0.25004955E+01  0.25127478E+01 -0.10868903E-01  0.25018789E+01  0.13833266E-02
-0.84000000E+00  0.24000000E+00  0.00000000E+00  0.24993331E+01  0.25121665E+01 -0.11055410E-01  0.25011111E+01  0.17780504E-02
-0.78000000E+00  0.24000000E+00  0.00000000E+00  0.25041320E+01  0.25145660E+01 -0.11079580E-01  0.25034864E+01 -0.64557967E-03
-0.72000000E+00  0.24000000E+00  0.00000000E+00  0.25094154E+01  0.25172077E+01 -0.85180747E-02  0.25086896E+01 -0.72576469E-03
-0.66000000E+00  0.24000000E+00  0.00000000E+00  0.25151185E+01  0.25200592E+01 -0.29561744E-02  0.25171031E+01  0.19845956E-02
-0.60000000E+00  0.24000000E+00  0.00000000E+00  0.25211472E+01  0.25230736E+01  0.20649562E-03  0.25232801E+01  0.21328756E-02
-0.54000000E+00  0.24000000E+00  0.00000000E+00  0.25273789E+01  0.25261894E+01  0.13267987E-02  0.25275162E+01  0.13735874E-03
-0.48000000E+00  0.24000000E+00  0.00000000E+00  0.25336646E+01  0.25293323E+01  0.29599095E-02  0.25322922E+01 -0.13724005E-02
-0.42000000E+00  0.24000000E+00  0.00000000E+00  0.25398344E+01  0.25324172E+01  0.64358450E-02  0.25388531E+01 -0.98136502E-03
-0.36000000E+00  0.24000000E+00  0.00000000E+00  0.25457041E+01  0.25353521E+01  0.10347151E-01  0.25456992E+01 -0.48992071E-05
-0.30000000E+00  0.24000000E+00  0.00000000E+00  0.25510839E+01  0.25380420E+01  0.12985611E-01  0.25510276E+01 -0.56338779E-04
-0.24000000E+00  0.24000000E+00  0.00000000E+00  0.25557887E+01  0.25403943E+01  0.15130960E-01  0.25555253E+01 -0.26338019E-03
-0.18000000E+00  0.24000000E+00  0.00000000E+00  0.25596482E+01  0.25423241E+01  0.17291755E-01  0.25596158E+01 -0.32324805E-04
-0.12000000E+00  0.24000000E+00  0.00000000E+00  0.25625173E+01  0.25437587E+01  0.18822475E-01  0.25625811E+01  0.63815331E-04
-0.60000000E-01  0.24000000E+00  0.00000000E+00  0.25642853E+01  0.25446427E+01  0.19445111E-01  0.25640878E+01 -0.19753850E-03
 0.00000000E+00  0.24000000E+00  0.00000000E+00  0.25648825E+01  0.25449413E+01  0.19583338E-01  0.25645246E+01 -0.35792171E-03
 0.60000000E-01  0.24000000E+00  0.00000000E+00  0.25642853E+01  0.25446427E+01  0.19474129E-01  0.25641168E+01 -0.16852110E-03
 0.12000000E+00  0.24000000E+00  0.00000000E+00  0.25625173E+01  0.25437587E+01  0.18818886E-01  0.25625776E+01  0.60225550E-04
 0.18000000E+00  0.24000000E+00  0.00000000E+00  0.25596482E+01  0.25423241E+01  0.17278728E-01  0.25596028E+01 -0.45351688E-04
 0.24000000E+00  0.24000000E+00  0.00000000E+00  0.25557887E+01  0.25403943E+01  0.15166559E-01  0.25555609E+01 -0.22778097E-03
 0.30000000E+00  0.24000000E+00  0.00000000E+00  0.25510839E+01  0.25380420E+01  0.13033957E-01  0.25510759E+01 -0.79929273E-05
 0.36000000E+00  0.24000000E+00  0.00000000E+00  0.25457041E+01  0.25353521E+01  0.10342341E-01  0.25456944E+01 -0.97088955E-05
 0.42000000E+00  0.24000000E+00  0.00000000E+00  0.25398344E+01  0.25324172E+01  0.63848394E-02  0.25388021E+01 -0.10323706E-02
 0.48000000E+00  0.24000000E+00  0.00000000E+00  0.25336646E+01  0.25293323E+01  0.29135519E-02  0.25322459E+01 -0.14187581E-02
 0.54000000E+00  0.24000000E+00  0.00000000E+00  0.25273789E+01  0.25261894E+01  0.13269368E-02  0.25275164E+01  0.13749679E-03
 0.60000000E+00  0.24000000E+00  0.00000000E+00  0.25211472E+01  0.25230736E+01  0.29122466E-03  0.25233648E+01  0.22176047E-02
 0.66000000E+00  0.24000000E+00  0.00000000E+00  0.25151185E+01  0.25200592E+01 -0.28151030E-02  0.25172441E+01  0.21256670E-02
 0.72000000E+00  0.24000000E+00  0.00000000E+00  0.25094154E+01  0.25172077E+01 -0.84885565E-02  0.25087191E+01 -0.69624646E-03
 0.78000000E+00  0.24000000E+00  0.00000000E+00  0.25041320E+01  0.25145660E+01 -0.11174080E-01  0.25033919E+01 -0.74008009E-03
 0.84000000E+00  0.24000000E+00  0.00000000E+00  0.24993331E+01  0.25121665E+01 -0.11169759E-01  0.25009968E+01  0.16637007E-02
-0.84000000E+00  0.30000000E+00  0.00000000E+00  0.24979160E+01  0.25114580E+01 -0.12142557E-01  0.24993155E+01  0.13994326E-02
-0.78000000E+00  0.30000000E+00  0.00000000E+00  0.25024355E+01  0.25137177E+01 -0.12463193E-01  0.25012545E+01 -0.11809230E-02
-0.72000000E+00  0.30000000E+00  0.00000000E+00  0.25074112E+01  0.25162056E+01 -0.10477637E-01  0.25057280E+01 -0.16832272E-02
-0.66000000E+00  0.30000000E+00  0.00000000E+00  0.25127822E+01  0.25188911E+01 -0.54185395E-02  0.25134725E+01  0.69039046E-03
-0.60000000E+00  0.30000000E+00  0.00000000E+00  0.25184598E+01  0.25217299E+01 -0.23100756E-02  0.25194198E+01  0.96001437E-03
-0.54000000E+00  0.30000000E+00  0.00000000E+00  0.25243286E+01  0.25246643E+01 -0.78930182E-03  0.25238750E+01 -0.45358182E-03
-0.48000000E+00  0.30000000E+00  0.00000000E+00  0.25302483E+01  0.25276241E+01  0.17747792E-02  0.25293989E+01 -0.84935079E-03
-0.42000000E+00  0.30000000E+00  0.00000000E+00  0.25360588E+01  0.25305294E+01  0.58026686E-02  0.25363321E+01  0.27328865E-03
-0.36000000E+00  0.30000000E+00  0.00000000E+00  0.25415866E+01  0.25332933E+01  0.92460553E-02  0.25425394E+01  0.95275528E-03
-0.30000000E+00  0.30000000E+00  0.00000000E+00  0.25466531E+01  0.25358266E+01  0.11280942E-01  0.25471075E+01  0.45438209E-03
-0.24000000E+00  0.30000000E+00  0.00000000E+00  0.25510839E+01  0.25380420E+01  0.13105508E-01  0.25511475E+01  0.63558363E-04
-0.18000000E+00  0.30000000E+00  0.00000000E+00  0.25547186E+01  0.25398593E+01  0.15059849E-01  0.25549192E+01  0.20051903E-03
-0.12000000E+00  0.30000000E+00  0.00000000E+00  0.25574207E+01  0.25412104E+01  0.16302289E-01  0.25575126E+01  0.91929161E-04
-0.60000000E-01  0.30000000E+00  0.00000000E+00  0.25590857E+01  0.25420429E+01  0.16667628E-01  0.25587105E+01 -0.37524202E-03
 0.00000000E+00  0.30000000E+00  0.00000000E+00  0.25596482E+01  0.25423241E+01  0.16696097E-01  0.25590202E+01 -0.62798315E-03
 0.60000000E-01  0.30000000E+00  0.00000000E+00  0.25590857E+01  0.25420429E+01  0.16663867E-01  0.25587067E+01 -0.37900288E-03
 0.12000000E+00  0.30000000E+00  0.00000000E+00  0.25574207E+01  0.25412104E+01  0.16264405E-01  0.25574748E+01  0.54044941E-04
 0.18000000E+00  0.30000000E+00  0.00000000E+00  0.25547186E+01  0.25398593E+01  0.15019083E-01  0.25548784E+01  0.15975285E-03
 0.24000000E+00  0.30000000E+00  0.00000000E+00  0.25510839E+01  0.25380420E+01  0.13118120E-01  0.25511601E+01  0.76170363E-04
 0.30000000E+00  0.30000000E+00  0.00000000E+00  0.25466531E+01  0.25358266E+01  0.11332285E-01  0.25471589E+01  0.50572467E-03
 0.36000000E+00  0.30000000E+00  0.00000000E+00  0.25415866E+01  0.25332933E+01  0.92845924E-02  0.25425779E+01  0.99129245E-03
 0.42000000E+00  0.30000000E+00  0.00000000E+00  0.25360588E+01  0.25305294E+01  0.58002162E-02  0.25363296E+01  0.27083617E-03
 0.48000000E+00  0.30000000E+00  0.00000000E+00  0.25302483E+01  0.25276241E+01  0.17369484E-02  0.25293611E+01 -0.88718161E-03
 0.54000000E+00  0.30000000E+00  0.00000000E+00  0.25243286E+01  0.25246643E+01 -0.82814592E-03  0.25238361E+01 -0.49242592E-03
 0.60000000E+00  0.30000000E+00  0.00000000E+00  0.25184598E+01  0.25217299E+01 -0.23154751E-02  0.25194144E+01  0.95461487E-03
 0.66000000E+00  0.30000000E+00  0.00000000E+00  0.25127822E+01  0.25188911E+01 -0.53933926E-02  0.25134977E+01  0.71553739E-03
 0.72000000E+00  0.30000000E+00  0.00000000E+00  0.25074112E+01  0.25162056E+01 -0.10455372E-01  0.25057502E+01 -0.16609616E-02
 0.78000000E+00  0.30000000E+00  0.00000000E+00  0.25024355E+01  0.25137177E+01 -0.12442534E-01  0.25012752E+01 -0.11602642E-02
 0.84000000E+00  0.30000000E+00  0.00000000E+00  0.24979160E+01  0.25114580E+01 -0.12118028E-01  0.24993400E+01  0.14239625E-02
-0.78000000E+00  0.36000000E+00  0.00000000E+00  0.25004955E+01  0.25127478E+01 -0.12367658E-01  0.25003801E+01 -0.11542795E-03
-0.72000000E+00  0.36000000E+00  0.00000000E+00  0.25051194E+01  0.25150597E+01 -0.11031688E-01  0.25040280E+01 -0.10913983E-02
-0.66000000E+00  0.36000000E+00  0.00000000E+00  0.25101106E+01  0.25175553E+01 -0.75976942E-02  0.25099576E+01 -0.15300417E-03
-0.60000000E+00  0.36000000E+00  0.00000000E+00  0.25153868E+01  0.25201934E+01 -0.48245297E-02  0.25153689E+01 -0.17939709E-04
-0.54000000E+00  0.36000000E+00  0.00000000E+00  0.25208406E+01  0.25229203E+01 -0.27126372E-02  0.25202077E+01 -0.63293719E-03
-0.48000000E+00  0.36000000E+00  0.00000000E+00  0.25263417E+01  0.25256709E+01  0.78290411E-03  0.25264538E+01  0.11205411E-03
-0.42000000E+00  0.36000000E+00  0.00000000E+00  0.25317414E+01  0.25283707E+01  0.44282583E-02  0.25327989E+01  0.10575683E-02
-0.36000000E+00  0.36000000E+00  0.00000000E+00  0.25368783E+01  0.25309392E+01  0.67191096E-02  0.25376583E+01  0.77993961E-03
-0.30000000E+00  0.36000000E+00  0.00000000E+00  0.25415866E+01  0.25332933E+01  0.82665036E-02  0.25415598E+01 -0.26796364E-04
-0.24000000E+00  0.36000000E+00  0.00000000E+00  0.25457041E+01  0.25353521E+01  0.10161736E-01  0.25455138E+01 -0.19031365E-03
-0.18000000E+00  0.36000000E+00  0.00000000E+00  0.25490818E+01  0.25370409E+01  0.12258089E-01  0.25492990E+01  0.21717876E-03
-0.12000000E+00  0.36000000E+00  0.00000000E+00  0.25515928E+01  0.25382964E+01  0.13528113E-01  0.25518245E+01  0.23170305E-03
-0.60000000E-01  0.36000000E+00  0.00000000E+00  0.25531401E+01  0.25390701E+01  0.13925597E-01  0.25529957E+01 -0.14445333E-03
 0.00000000E+00  0.36000000E+00  0.00000000E+00  0.25536628E+01  0.25393314E+01  0.13986448E-01  0.25533178E+01 -0.34495167E-03
 0.60000000E-01  0.36000000E+00  0.00000000E+00  0.25531401E+01  0.25390701E+01  0.13937180E-01  0.25530072E+01 -0.13286993E-03
 0.12000000E+00  0.36000000E+00  0.00000000E+00  0.25515928E+01  0.25382964E+01  0.13518974E-01  0.25518154E+01  0.22256375E-03
 0.18000000E+00  0.36000000E+00  0.00000000E+00  0.25490818E+01  0.25370409E+01  0.12235275E-01  0.25492762E+01  0.19436527E-03
 0.24000000E+00  0.36000000E+00  0.00000000E+00  0.25457041E+01  0.25353521E+01  0.10165020E-01  0.25455171E+01 -0.18703028E-03
 0.30000000E+00  0.36000000E+00  0.00000000E+00  0.25415866E+01  0.25332933E+01  0.82988265E-02  0.25415921E+01  0.55264505E-05
 0.36000000E+00  0.36000000E+00  0.00000000E+00  0.25368783E+01  0.25309392E+01  0.67517343E-02  0.25376909E+01  0.81256431E-03
 0.42000000E+00  0.36000000E+00  0.00000000E+00  0.25317414E+01  0.25283707E+01  0.44383973E-02  0.25328091E+01  0.10677073E-02
 0.48000000E+00  0.36000000E+00  0.00000000E+00  0.25263417E+01  0.25256709E+01  0.76419608E-03  0.25264351E+01  0.93346084E-04
 0.54000000E+00  0.36000000E+00  0.00000000E+00  0.25208406E+01  0.25229203E+01 -0.27399085E-02  0.25201804E+01 -0.66020846E-03
 0.60000000E+00  0.36000000E+00  0.00000000E+00  0.25153868E+01  0.25201934E+01 -0.48392322E-02  0.25153542E+01 -0.32642233E-04
 0.66000000E+00  0.36000000E+00  0.00000000E+00  0.25101106E+01  0.25175553E+01 -0.76069633E-02  0.25099483E+01 -0.16227326E-03
 0.72000000E+00  0.36000000E+00  0.00000000E+00  0.25051194E+01  0.25150597E+01 -0.11032252E-01  0.25040275E+01 -0.10919622E-02
 0.78000000E+00  0.36000000E+00  0.00000000E+00  0.25004955E+01  0.25127478E+01 -0.12321164E-01  0.25004266E+01 -0.68934067E-04
-0.78000000E+00  0.42000000E+00  0.00000000E+00  0.24983790E+01  0.25116895E+01 -0.11513619E-01  0.25001759E+01  0.17968912E-02
-0.72000000E+00  0.42000000E+00  0.00000000E+00  0.25026190E+01  0.25138095E+01 -0.11151270E-01  0.25026582E+01  0.39229565E-04
-0.66000000E+00  0.42000000E+00  0.00000000E+00  0.25071958E+01  0.25160979E+01 -0.87245883E-02  0.25073733E+01  0.17749167E-03
-0.60000000E+00  0.42000000E+00  0.00000000E+00  0.25120340E+01  0.25185170E+01 -0.62421028E-02  0.25122749E+01  0.24088719E-03
-0.54000000E+00  0.42000000E+00  0.00000000E+00  0.25170350E+01  0.25210175E+01 -0.46624882E-02  0.25163550E+01 -0.68000821E-03
-0.48000000E+00  0.42000000E+00  0.00000000E+00  0.25220795E+01  0.25235397E+01 -0.16004596E-02  0.25219393E+01 -0.14018963E-03
-0.42000000E+00  0.42000000E+00  0.00000000E+00  0.25270309E+01  0.25260154E+01  0.11324090E-02  0.25271478E+01  0.11698900E-03
-0.36000000E+00  0.42000000E+00  0.00000000E+00  0.25317414E+01  0.25283707E+01  0.25408754E-02  0.25309116E+01 -0.82981462E-03
-0.30000000E+00  0.42000000E+00  0.00000000E+00  0.25360588E+01  0.25305294E+01  0.39711500E-02  0.25345005E+01 -0.15582300E-02
-0.24000000E+00  0.42000000E+00  0.00000000E+00  0.25398344E+01  0.25324172E+01  0.63497922E-02  0.25387670E+01 -0.10674178E-02
-0.18000000E+00  0.42000000E+00  0.00000000E+00  0.25429318E+01  0.25339659E+01  0.89741283E-02  0.25429400E+01  0.82482522E-05
-0.12000000E+00  0.42000000E+00  0.00000000E+00  0.25452343E+01  0.25351172E+01  0.10544621E-01  0.25456618E+01  0.42747118E-03
-0.60000000E-01  0.42000000E+00  0.00000000E+00  0.25466531E+01  0.25358266E+01  0.11118436E-01  0.25469450E+01  0.29187594E-03
 0.00000000E+00  0.42000000E+00  0.00000000E+00  0.25471324E+01  0.25360662E+01  0.11244117E-01  0.25473103E+01  0.17791684E-03
 0.60000000E-01  0.42000000E+00  0.00000000E+00  0.25466531E+01  0.25358266E+01  0.11140075E-01  0.25469666E+01  0.31351531E-03
 0.12000000E+00  0.42000000E+00  0.00000000E+00  0.25452343E+01  0.25351172E+01  0.10557375E-01  0.25456745E+01  0.44022478E-03
 0.18000000E+00  0.42000000E+00  0.00000000E+00  0.25429318E+01  0.25339659E+01  0.89710877E-02  0.25429370E+01  0.52077105E-05
 0.24000000E+00  0.42000000E+00  0.00000000E+00  0.25398344E+01  0.25324172E+01  0.63503869E-02  0.25387676E+01 -0.10668231E-02
 0.30000000E+00  0.42000000E+00  0.00000000E+00  0.25360588E+01  0.25305294E+01  0.39793606E-02  0.25345088E+01 -0.15500194E-02
 0.36000000E+00  0.42000000E+00  0.00000000E+00  0.25317414E+01  0.25283707E+01  0.25456575E-02  0.25309163E+01 -0.82503248E-03
 0.42000000E+00  0.42000000E+00  0.00000000E+00  0.25270309E+01  0.25260154E+01  0.11290859E-02  0.25271445E+01  0.11366590E-03
 0.48000000E+00  0.42000000E+00  0.00000000E+00  0.25220795E+01  0.25235397E+01 -0.16061015E-02  0.25219336E+01 -0.14583152E-03
 0.54000000E+00  0.42000000E+00  0.00000000E+00  0.25170350E+01  0.25210175E+01 -0.46622632E-02  0.25163553E+01 -0.67978322E-03
 0.60000000E+00  0.42000000E+00  0.00000000E+00  0.25120340E+01  0.25185170E+01 -0.62412706E-02  0.25122757E+01  0.24171943E-03
 0.66000000E+00  0.42000000E+00  0.00000000E+00  0.25071958E+01  0.25160979E+01 -0.87380927E-02  0.25073598E+01  0.16398727E-03
 0.72000000E+00  0.42000000E+00  0.00000000E+00  0.25026190E+01  0.25138095E+01 -0.11173749E-01  0.25026357E+01  0.16751188E-04
 0.78000000E+00  0.42000000E+00  0.00000000E+00  0.24983790E+01  0.25116895E+01 -0.11504114E-01  0.25001854E+01  0.18063955E-02
-0.72000000E+00  0.48000000E+00  0.00000000E+00  0.24999907E+01  0.25124954E+01 -0.12226505E-01  0.25002688E+01  0.27815473E-03
-0.66000000E+00  0.48000000E+00  0.00000000E+00  0.25041320E+01  0.25145660E+01 -0.10354885E-01  0.25042111E+01  0.79115235E-04
-0.60000000E+00  0.48000000E+00  0.00000000E+00  0.25085098E+01  0.25167549E+01 -0.75396153E-02  0.25092153E+01  0.70550473E-03
-0.54000000E+00  0.48000000E+00  0.00000000E+00  0.25130349E+01  0.25190174E+01 -0.60688799E-02  0.25129486E+01 -0.86319878E-04
-0.48000000E+00  0.48000000E+00  0.00000000E+00  0.25175993E+01  0.25212996E+01 -0.36509945E-02  0.25176486E+01  0.49375505E-04
-0.42000000E+00  0.48000000E+00  0.00000000E+00  0.25220795E+01  0.25235397E+01 -0.12572982E-02  0.25222824E+01  0.20297177E-03
-0.36000000E+00  0.48000000E+00  0.00000000E+00  0.25263417E+01  0.25256709E+01 -0.30706756E-04  0.25256402E+01 -0.70155676E-03
-0.30000000E+00  0.48000000E+00  0.00000000E+00  0.25302483E+01  0.25276241E+01  0.12778835E-02  0.25289020E+01 -0.13462465E-02
-0.24000000E+00  0.48000000E+00  0.00000000E+00  0.25336646E+01  0.25293323E+01  0.34727343E-02  0.25328050E+01 -0.85957574E-03
-0.18000000E+00  0.48000000E+00  0.00000000E+00  0.25364672E+01  0.25307336E+01  0.59762195E-02  0.25367098E+01  0.24261954E-03
-0.12000000E+00  0.48000000E+00  0.00000000E+00  0.25385506E+01  0.25317753E+01  0.73342686E-02  0.25391096E+01  0.55894865E-03
-0.60000000E-01  0.48000000E+00  0.00000000E+00  0.25398344E+01  0.25324172E+01  0.75443045E-02  0.25399615E+01  0.12709451E-03
 0.00000000E+00  0.48000000E+00  0.00000000E+00  0.25402681E+01  0.25326340E+01  0.74563857E-02  0.25400904E+01 -0.17767429E-03
 0.60000000E-01  0.48000000E+00  0.00000000E+00  0.25398344E+01  0.25324172E+01  0.75539749E-02  0.25399712E+01  0.13676486E-03
 0.12000000E+00  0.48000000E+00  0.00000000E+00  0.25385506E+01  0.25317753E+01  0.73365762E-02  0.25391119E+01  0.56125623E-03
 0.18000000E+00  0.48000000E+00  0.00000000E+00  0.25364672E+01  0.25307336E+01  0.59708386E-02  0.25367044E+01  0.23723858E-03
 0.24000000E+00  0.48000000E+00  0.00000000E+00  0.25336646E+01  0.25293323E+01  0.34717573E-02  0.25328041E+01 -0.86055272E-03
 0.30000000E+00  0.48000000E+00  0.00000000E+00  0.25302483E+01  0.25276241E+01  0.12777999E-02  0.25289019E+01 -0.13463301E-02
 0.36000000E+00  0.48000000E+00  0.00000000E+00  0.25263417E+01  0.25256709E+01 -0.39579925E-04  0.25256313E+01 -0.71042992E-03
 0.42000000E+00  0.48000000E+00  0.00000000E+00  0.25220795E+01  0.25235397E+01 -0.12701277E-02  0.25222696E+01  0.19014228E-03
 0.48000000E+00  0.48000000E+00  0.00000000E+00  0.25175993E+01  0.25212996E+01 -0.36512262E-02  0.25176484E+01  0.49143767E-04
 0.54000000E+00  0.48000000E+00  0.00000000E+00  0.25130349E+01  0.25190174E+01 -0.60556485E-02  0.25129618E+01 -0.73088518E-04
 0.60000000E+00  0.48000000E+00  0.00000000E+00  0.25085098E+01  0.25167549E+01 -0.75300316E-02  0.25092248E+01  0.71508839E-03
 0.66000000E+00  0.48000000E+00  0.00000000E+00  0.25041320E+01  0.25145660E+01 -0.10356308E-01  0.25042097E+01  0.77692093E-04
 0.72000000E+00  0.48000000E+00  0.00000000E+00  0.24999907E+01  0.25124954E+01 -0.12232616E-01  0.25002627E+01  0.27204433E-03
-0.66000000E+00  0.54000000E+00  0.00000000E+00  0.25010106E+01  0.25130053E+01 -0.12832019E-01  0.25001733E+01 -0.83730944E-03
-0.60000000E+00  0.54000000E+00  0.00000000E+00  0.25049193E+01  0.25149597E+01 -0.10236330E-01  0.25047233E+01 -0.19597007E-03
-0.54000000E+00  0.54000000E+00  0.00000000E+00  0.25089596E+01  0.25169798E+01 -0.81495626E-02  0.25088302E+01 -0.12933260E-03
-0.48000000E+00  0.54000000E+00  0.00000000E+00  0.25130349E+01  0.25190174E+01 -0.52993562E-02  0.25137181E+01  0.68320383E-03
-0.42000000E+00  0.54000000E+00  0.00000000E+00  0.25170350E+01  0.25210175E+01 -0.24018283E-02  0.25186157E+01  0.15806517E-02
-0.36000000E+00  0.54000000E+00  0.00000000E+00  0.25208406E+01  0.25229203E+01 -0.97589527E-03  0.25219444E+01  0.11038047E-02
-0.30000000E+00  0.54000000E+00  0.00000000E+00  0.25243286E+01  0.25246643E+01 -0.93425248E-04  0.25245709E+01  0.24229475E-03
-0.24000000E+00  0.54000000E+00  0.00000000E+00  0.25273789E+01  0.25261894E+01  0.13137748E-02  0.25275032E+01  0.12433480E-03
-0.18000000E+00  0.54000000E+00  0.00000000E+00  0.25298812E+01  0.25274406E+01  0.30845340E-02  0.25305251E+01  0.64395398E-03
-0.12000000E+00  0.54000000E+00  0.00000000E+00  0.25317414E+01  0.25283707E+01  0.37279019E-02  0.25320986E+01  0.35721188E-03
-0.60000000E-01  0.54000000E+00  0.00000000E+00  0.25328876E+01  0.25289438E+01  0.32538138E-02  0.25321976E+01 -0.68999615E-03
 0.00000000E+00  0.54000000E+00  0.00000000E+00  0.25332748E+01  0.25291374E+01  0.28802332E-02  0.25320176E+01 -0.12571868E-02
 0.60000000E-01  0.54000000E+00  0.00000000E+00  0.25328876E+01  0.25289438E+01  0.32540268E-02  0.25321978E+01 -0.68978325E-03
 0.12000000E+00  0.54000000E+00  0.00000000E+00  0.25317414E+01  0.25283707E+01  0.37216289E-02  0.25320923E+01  0.35093889E-03
 0.18000000E+00  0.54000000E+00  0.00000000E+00  0.25298812E+01  0.25274406E+01  0.30768608E-02  0.25305174E+01  0.63628084E-03
 0.24000000E+00  0.54000000E+00  0.00000000E+00  0.25273789E+01  0.25261894E+01  0.13143564E-02  0.25275038E+01  0.12491645E-03
 0.30000000E+00  0.54000000E+00  0.00000000E+00  0.25243286E+01  0.25246643E+01 -0.89984802E-04  0.25245743E+01  0.24573520E-03
 0.36000000E+00  0.54000000E+00  0.00000000E+00  0.25208406E+01  0.25229203E+01 -0.97995237E-03  0.25219403E+01  0.10997476E-02
 0.42000000E+00  0.54000000E+00  0.00000000E+00  0.25170350E+01  0.25210175E+01 -0.24104835E-02  0.25186070E+01  0.15719965E-02
 0.48000000E+00  0.54000000E+00  0.00000000E+00  0.25130349E+01  0.25190174E+01 -0.52978310E-02  0.25137196E+01  0.68472898E-03
 0.54000000E+00  0.54000000E+00  0.00000000E+00  0.25089596E+01  0.25169798E+01 -0.81425608E-02  0.25088372E+01 -0.12233076E-03
 0.60000000E+00  0.54000000E+00  0.00000000E+00  0.25049193E+01  0.25149597E+01 -0.10234457E-01  0.25047252E+01 -0.19409716E-03
 0.66000000E+00  0.54000000E+00  0.00000000E+00  0.25010106E+01  0.25130053E+01 -0.12817383E-01  0.25001879E+01 -0.82267317E-03
-0.66000000E+00  0.60000000E+00  0.00000000E+00  0.24979160E+01  0.25114580E+01 -0.12691645E-01  0.24987664E+01  0.85034485E-03
-0.60000000E+00  0.60000000E+00  0.00000000E+00  0.25013597E+01  0.25131799E+01 -0.11850915E-01  0.25013289E+01 -0.30765418E-04
-0.54000000E+00  0.60000000E+00  0.00000000E+00  0.25049193E+01  0.25149597E+01 -0.11012959E-01  0.25039467E+01 -0.97259913E-03
-0.48000000E+00  0.60000000E+00  0.00000000E+00  0.25085098E+01  0.25167549E+01 -0.87075970E-02  0.25080473E+01 -0.46247703E-03
-0.42000000E+00  0.60000000E+00  0.00000000E+00  0.25120340E+01  0.25185170E+01 -0.52526540E-02  0.25132644E+01  0.12303360E-02
-0.36000000E+00  0.60000000E+00  0.00000000E+00  0.25153868E+01  0.25201934E+01 -0.34438202E-02  0.25167496E+01  0.13627698E-02
-0.30000000E+00  0.60000000E+00  0.00000000E+00  0.25184598E+01  0.25217299E+01 -0.29000835E-02  0.25188298E+01  0.37000646E-03
-0.24000000E+00  0.60000000E+00  0.00000000E+00  0.25211472E+01  0.25230736E+01 -0.20931361E-02  0.25209805E+01 -0.16675607E-03
-0.18000000E+00  0.60000000E+00  0.00000000E+00  0.25233518E+01  0.25241759E+01 -0.72896336E-03  0.25234469E+01  0.95136641E-04
-0.12000000E+00  0.60000000E+00  0.00000000E+00  0.25249907E+01  0.25249954E+01  0.53835943E-06  0.25249959E+01  0.51983594E-05
-0.60000000E-01  0.60000000E+00  0.00000000E+00  0.25260006E+01  0.25255003E+01 -0.96209539E-04  0.25254041E+01 -0.59648954E-03
 0.00000000E+00  0.60000000E+00  0.00000000E+00  0.25263417E+01  0.25256709E+01 -0.24340897E-03  0.25254275E+01 -0.91425897E-03
 0.60000000E-01  0.60000000E+00  0.00000000E+00  0.25260006E+01  0.25255003E+01 -0.94687771E-04  0.25254056E+01 -0.59496777E-03
 0.12000000E+00  0.60000000E+00  0.00000000E+00  0.25249907E+01  0.25249954E+01 -0.14400486E-05  0.25249939E+01  0.32199514E-05
 0.18000000E+00  0.60000000E+00  0.00000000E+00  0.25233518E+01  0.25241759E+01 -0.73217336E-03  0.25234437E+01  0.91926635E-04
 0.24000000E+00  0.60000000E+00  0.00000000E+00  0.25211472E+01  0.25230736E+01 -0.20914756E-02  0.25209821E+01 -0.16509556E-03
 0.30000000E+00  0.60000000E+00  0.00000000E+00  0.25184598E+01  0.25217299E+01 -0.28958761E-02  0.25188340E+01  0.37421392E-03
 0.36000000E+00  0.60000000E+00  0.00000000E+00  0.25153868E+01  0.25201934E+01 -0.34428862E-02  0.25167505E+01  0.13637038E-02
 0.42000000E+00  0.60000000E+00  0.00000000E+00  0.25120340E+01  0.25185170E+01 -0.52549191E-02  0.25132621E+01  0.12280709E-02
 0.48000000E+00  0.60000000E+00  0.00000000E+00  0.25085098E+01  0.25167549E+01 -0.87082947E-02  0.25080466E+01 -0.46317465E-03
 0.54000000E+00  0.60000000E+00  0.00000000E+00  0.25049193E+01  0.25149597E+01 -0.11018092E-01  0.25039416E+01 -0.97773212E-03
 0.60000000E+00  0.60000000E+00  0.00000000E+00  0.25013597E+01  0.25131799E+01 -0.11860612E-01  0.25013192E+01 -0.40461875E-04
 0.66000000E+00  0.60000000E+00  0.00000000E+00  0.24979160E+01  0.25114580E+01 -0.12682913E-01  0.24987751E+01  0.85907668E-03
-0.60000000E+00  0.66000000E+00  0.00000000E+00  0.24979160E+01  0.25114580E+01 -0.11747220E-01  0.24997108E+01  0.17947699E-02
-0.54000000E+00  0.66000000E+00  0.00000000E+00  0.25010106E+01  0.25130053E+01 -0.12208209E-01  0.25007971E+01 -0.21349949E-03
-0.48000000E+00  0.66000000E+00  0.00000000E+00  0.25041320E+01  0.25145660E+01 -0.11720951E-01  0.25028450E+01 -0.12869512E-02
-0.42000000E+00  0.66000000E+00  0.00000000E+00  0.25071958E+01  0.25160979E+01 -0.96096101E-02  0.25064883E+01 -0.70753010E-03
-0.36000000E+00  0.66000000E+00  0.00000000E+00  0.25101106E+01  0.25175553E+01 -0.75291443E-02  0.25100262E+01 -0.84454318E-04
-0.30000000E+00  0.66000000E+00  0.00000000E+00  0.25127822E+01  0.25188911E+01 -0.63279920E-02  0.25125631E+01 -0.21906202E-03
-0.24000000E+00  0.66000000E+00  0.00000000E+00  0.25151185E+01  0.25200592E+01 -0.54379162E-02  0.25146213E+01 -0.49714625E-03
-0.18000000E+00  0.66000000E+00  0.00000000E+00  0.25170350E+01  0.25210175E+01 -0.42564658E-02  0.25167611E+01 -0.27398583E-03
-0.12000000E+00  0.66000000E+00  0.00000000E+00  0.25184598E+01  0.25217299E+01 -0.30883144E-02  0.25186416E+01  0.18177561E-03
-0.60000000E-01  0.66000000E+00  0.00000000E+00  0.25193378E+01  0.25221689E+01 -0.21623834E-02  0.25200065E+01  0.66872663E-03
 0.00000000E+00  0.66000000E+00  0.00000000E+00  0.25196343E+01  0.25223172E+01 -0.17965689E-02  0.25205206E+01  0.88626106E-03
 0.60000000E-01  0.66000000E+00  0.00000000E+00  0.25193378E+01  0.25221689E+01 -0.21594736E-02  0.25200094E+01  0.67163639E-03
 0.12000000E+00  0.66000000E+00  0.00000000E+00  0.25184598E+01  0.25217299E+01 -0.30869564E-02  0.25186430E+01  0.18313362E-03
 0.18000000E+00  0.66000000E+00  0.00000000E+00  0.25170350E+01  0.25210175E+01 -0.42569430E-02  0.25167606E+01 -0.27446295E-03
 0.24000000E+00  0.66000000E+00  0.00000000E+00  0.25151185E+01  0.25200592E+01 -0.54375918E-02  0.25146216E+01 -0.49682184E-03
 0.30000000E+00  0.66000000E+00  0.00000000E+00  0.25127822E+01  0.25188911E+01 -0.63269563E-02  0.25125641E+01 -0.21802632E-03
 0.36000000E+00  0.66000000E+00  0.00000000E+00  0.25101106E+01  0.25175553E+01 -0.75292147E-02  0.25100261E+01 -0.84524683E-04
 0.42000000E+00  0.66000000E+00  0.00000000E+00  0.25071958E+01  0.25160979E+01 -0.96097983E-02  0.25064881E+01 -0.70771828E-03
 0.48000000E+00  0.66000000E+00  0.00000000E+00  0.25041320E+01  0.25145660E+01 -0.11717575E-01  0.25028484E+01 -0.12835749E-02
 0.54000000E+00  0.66000000E+00  0.00000000E+00  0.25010106E+01  0.25130053E+01 -0.12207252E-01  0.25007980E+01 -0.21254152E-03
 0.60000000E+00  0.66000000E+00  0.00000000E+00  0.24979160E+01  0.25114580E+01 -0.11751789E-01  0.24997062E+01  0.17902010E-02
-0.48000000E+00  0.72000000E+00  0.00000000E+00  0.24999907E+01  0.25124954E+01 -0.11933313E-01  0.25005620E+01  0.57134711E-03
-0.42000000E+00  0.72000000E+00  0.00000000E+00  0.25026190E+01  0.25138095E+01 -0.11400125E-01  0.25024094E+01 -0.20962547E-03
-0.36000000E+00  0.72000000E+00  0.00000000E+00  0.25051194E+01  0.25150597E+01 -0.10575781E-01  0.25044839E+01 -0.63549051E-03
-0.30000000E+00  0.72000000E+00  0.00000000E+00  0.25074112E+01  0.25162056E+01 -0.88403635E-02  0.25073652E+01 -0.45953542E-04
-0.24000000E+00  0.72000000E+00  0.00000000E+00  0.25094154E+01  0.25172077E+01 -0.74063935E-02  0.25098013E+01  0.38591645E-03
-0.18000000E+00  0.72000000E+00  0.00000000E+00  0.25110595E+01  0.25180298E+01 -0.67387630E-02  0.25112910E+01  0.23149699E-03
-0.12000000E+00  0.72000000E+00  0.00000000E+00  0.25122817E+01  0.25186409E+01 -0.61270027E-02  0.25125139E+01  0.23213730E-03
-0.60000000E-01  0.72000000E+00  0.00000000E+00  0.25130349E+01  0.25190174E+01 -0.51693921E-02  0.25138480E+01  0.81316792E-03
 0.00000000E+00  0.72000000E+00  0.00000000E+00  0.25132893E+01  0.25191446E+01 -0.45936095E-02  0.25145510E+01  0.12617405E-02
 0.60000000E-01  0.72000000E+00  0.00000000E+00  0.25130349E+01  0.25190174E+01 -0.51677162E-02  0.25138497E+01  0.81484383E-03
 0.12000000E+00  0.72000000E+00  0.00000000E+00  0.25122817E+01  0.25186409E+01 -0.61262128E-02  0.25125147E+01  0.23292716E-03
 0.18000000E+00  0.72000000E+00  0.00000000E+00  0.25110595E+01  0.25180298E+01 -0.67391842E-02  0.25112906E+01  0.23107579E-03
 0.24000000E+00  0.72000000E+00  0.00000000E+00  0.25094154E+01  0.25172077E+01 -0.74070584E-02  0.25098006E+01  0.38525161E-03
 0.30000000E+00  0.72000000E+00  0.00000000E+00  0.25074112E+01  0.25162056E+01 -0.88411215E-02  0.25073645E+01 -0.46711525E-04
 0.36000000E+00  0.72000000E+00  0.00000000E+00  0.25051194E+01  0.25150597E+01 -0.10577255E-01  0.25044825E+01 -0.63696463E-03
 0.42000000E+00  0.72000000E+00  0.00000000E+00  0.25026190E+01  0.25138095E+01 -0.11400651E-01  0.25024088E+01 -0.21015087E-03
 0.48000000E+00  0.72000000E+00  0.00000000E+00  0.24999907E+01  0.25124954E+01 -0.11927441E-01  0.25005679E+01  0.57721917E-03
-0.42000000E+00  0.78000000E+00  0.00000000E+00  0.24983790E+01  0.25116895E+01 -0.11507639E-01  0.25001818E+01  0.18028707E-02
-0.36000000E+00  0.78000000E+00  0.00000000E+00  0.25004955E+01  0.25127478E+01 -0.12311200E-01  0.25004366E+01 -0.58970407E-04
-0.30000000E+00  0.78000000E+00  0.00000000E+00  0.25024355E+01  0.25137177E+01 -0.12177097E-01  0.25015406E+01 -0.89482722E-03
-0.24000000E+00  0.78000000E+00  0.00000000E+00  0.25041320E+01  0.25145660E+01 -0.10681357E-01  0.25038846E+01 -0.24735728E-03
-0.18000000E+00  0.78000000E+00  0.00000000E+00  0.25055237E+01  0.25152618E+01 -0.10284926E-01  0.25049769E+01 -0.54677572E-03
-0.12000000E+00  0.78000000E+00  0.00000000E+00  0.25065583E+01  0.25157792E+01 -0.10061431E-01  0.25057177E+01 -0.84059127E-03
-0.60000000E-01  0.78000000E+00  0.00000000E+00  0.25071958E+01  0.25160979E+01 -0.97134385E-02  0.25063845E+01 -0.81135849E-03
 0.00000000E+00  0.78000000E+00  0.00000000E+00  0.25074112E+01  0.25162056E+01 -0.95935572E-02  0.25066120E+01 -0.79914718E-03
 0.60000000E-01  0.78000000E+00  0.00000000E+00  0.25071958E+01  0.25160979E+01 -0.97129509E-02  0.25063850E+01 -0.81087092E-03
 0.12000000E+00  0.78000000E+00  0.00000000E+00  0.25065583E+01  0.25157792E+01 -0.10061231E-01  0.25057179E+01 -0.84039149E-03
 0.18000000E+00  0.78000000E+00  0.00000000E+00  0.25055237E+01  0.25152618E+01 -0.10285208E-01  0.25049766E+01 -0.54705782E-03
 0.24000000E+00  0.78000000E+00  0.00000000E+00  0.25041320E+01  0.25145660E+01 -0.10681686E-01  0.25038843E+01 -0.24768564E-03
 0.30000000E+00  0.78000000E+00  0.00000000E+00  0.25024355E+01  0.25137177E+01 -0.12177106E-01  0.25015406E+01 -0.89483572E-03
 0.36000000E+00  0.78000000E+00  0.00000000E+00  0.25004955E+01  0.25127478E+01 -0.12311974E-01  0.25004358E+01 -0.59743549E-04
 0.42000000E+00  0.78000000E+00  0.00000000E+00  0.24983790E+01  0.25116895E+01 -0.11508241E-01  0.25001812E+01  0.18022687E-02
-0.30000000E+00  0.84000000E+00  0.00000000E+00  0.24979160E+01  0.25114580E+01 -0.13424842E-01  0.24980332E+01  0.11714820E-03
-0.24000000E+00  0.84000000E+00  0.00000000E+00  0.24993331E+01  0.25121665E+01 -0.11992436E-01  0.25001741E+01  0.84102394E-03
-0.18000000E+00  0.84000000E+00  0.00000000E+00  0.25004955E+01  0.25127478E+01 -0.11536032E-01  0.25012117E+01  0.71619786E-03
-0.12000000E+00  0.84000000E+00  0.00000000E+00  0.25013597E+01  0.25131799E+01 -0.11432021E-01  0.25017478E+01  0.38812938E-03
-0.60000000E-01  0.84000000E+00  0.00000000E+00  0.25018922E+01  0.25134461E+01 -0.11301334E-01  0.25021448E+01  0.25255618E-03
 0.00000000E+00  0.84000000E+00  0.00000000E+00  0.25020721E+01  0.25135360E+01 -0.11170612E-01  0.25023654E+01  0.29333838E-03
 0.60000000E-01  0.84000000E+00  0.00000000E+00  0.25018922E+01  0.25134461E+01 -0.11301354E-01  0.25021448E+01  0.25253594E-03
 0.12000000E+00  0.84000000E+00  0.00000000E+00  0.25013597E+01  0.25131799E+01 -0.11432090E-01  0.25017478E+01  0.38805994E-03
 0.18000000E+00  0.84000000E+00  0.00000000E+00  0.25004955E+01  0.25127478E+01 -0.11536160E-01  0.25012116E+01  0.71606998E-03
 0.24000000E+00  0.84000000E+00  0.00000000E+00  0.24993331E+01  0.25121665E+01 -0.11992187E-01  0.25001744E+01  0.84127347E-03
 0.30000000E+00  0.84000000E+00  0.00000000E+00  0.24979160E+01  0.25114580E+01 -0.13423504E-01  0.24980345E+01  0.11848626E-03
