 # xb yb zb ideal background shim total error
# 8       697
# 8       697
-0.30000000E+00 -0.84000000E+00  0.00000000E+00  0.24979160E+01  0.25114580E+01 -0.10450152E-01  0.25010079E+01  0.30918379E-02
-0.24000000E+00 -0.84000000E+00  0.00000000E+00  0.24993331E+01  0.25121665E+01 -0.94176145E-02  0.25027489E+01  0.34158455E-02
-0.18000000E+00 -0.84000000E+00  0.00000000E+00  0.25004955E+01  0.25127478E+01 -0.92851183E-02  0.25034627E+01  0.29671117E-02
-0.12000000E+00 -0.84000000E+00  0.00000000E+00  0.25013597E+01  0.25131799E+01 -0.94492230E-02  0.25037306E+01  0.23709270E-02
-0.60000000E-01 -0.84000000E+00  0.00000000E+00  0.25018922E+01  0.25134461E+01 -0.95929247E-02  0.25038532E+01  0.19609653E-02
 0.00000000E+00 -0.84000000E+00  0.00000000E+00  0.25020721E+01  0.25135360E+01 -0.94390895E-02  0.25040970E+01  0.20248605E-02
 0.60000000E-01 -0.84000000E+00  0.00000000E+00  0.25018922E+01  0.25134461E+01 -0.94237475E-02  0.25040224E+01  0.21301425E-02
 0.12000000E+00 -0.84000000E+00  0.00000000E+00  0.25013597E+01  0.25131799E+01 -0.95717136E-02  0.25036081E+01  0.22484364E-02
 0.18000000E+00 -0.84000000E+00  0.00000000E+00  0.25004955E+01  0.25127478E+01 -0.97225561E-02  0.25030252E+01  0.25296739E-02
 0.24000000E+00 -0.84000000E+00  0.00000000E+00  0.24993331E+01  0.25121665E+01 -0.10114378E-01  0.25020522E+01  0.27190824E-02
 0.30000000E+00 -0.84000000E+00  0.00000000E+00  0.24979160E+01  0.25114580E+01 -0.11265536E-01  0.25001925E+01  0.22764544E-02
-0.42000000E+00 -0.78000000E+00  0.00000000E+00  0.24983790E+01  0.25116895E+01 -0.10199934E-01  0.25014895E+01  0.31105763E-02
-0.36000000E+00 -0.78000000E+00  0.00000000E+00  0.25004955E+01  0.25127478E+01 -0.10891130E-01  0.25018566E+01  0.13611000E-02
-0.30000000E+00 -0.78000000E+00  0.00000000E+00  0.25024355E+01  0.25137177E+01 -0.10300527E-01  0.25034172E+01  0.98174301E-03
-0.24000000E+00 -0.78000000E+00  0.00000000E+00  0.25041320E+01  0.25145660E+01 -0.91777673E-02  0.25053882E+01  0.12562327E-02
-0.18000000E+00 -0.78000000E+00  0.00000000E+00  0.25055237E+01  0.25152618E+01 -0.89314306E-02  0.25063304E+01  0.80671940E-03
-0.12000000E+00 -0.78000000E+00  0.00000000E+00  0.25065583E+01  0.25157792E+01 -0.85673190E-02  0.25072118E+01  0.65352102E-03
-0.60000000E-01 -0.78000000E+00  0.00000000E+00  0.25071958E+01  0.25160979E+01 -0.81809485E-02  0.25079170E+01  0.72113154E-03
 0.00000000E+00 -0.78000000E+00  0.00000000E+00  0.25074112E+01  0.25162056E+01 -0.80531544E-02  0.25081524E+01  0.74125560E-03
 0.60000000E-01 -0.78000000E+00  0.00000000E+00  0.25071958E+01  0.25160979E+01 -0.81286037E-02  0.25079693E+01  0.77347630E-03
 0.12000000E+00 -0.78000000E+00  0.00000000E+00  0.25065583E+01  0.25157792E+01 -0.84320766E-02  0.25073471E+01  0.78876344E-03
 0.18000000E+00 -0.78000000E+00  0.00000000E+00  0.25055237E+01  0.25152618E+01 -0.86209937E-02  0.25066409E+01  0.11171563E-02
 0.24000000E+00 -0.78000000E+00  0.00000000E+00  0.25041320E+01  0.25145660E+01 -0.89594580E-02  0.25056065E+01  0.14745420E-02
 0.30000000E+00 -0.78000000E+00  0.00000000E+00  0.25024355E+01  0.25137177E+01 -0.10207554E-01  0.25035102E+01  0.10747160E-02
 0.36000000E+00 -0.78000000E+00  0.00000000E+00  0.25004955E+01  0.25127478E+01 -0.10318358E-01  0.25024294E+01  0.19338723E-02
 0.42000000E+00 -0.78000000E+00  0.00000000E+00  0.24983790E+01  0.25116895E+01 -0.96467591E-02  0.25020427E+01  0.36637509E-02
-0.48000000E+00 -0.72000000E+00  0.00000000E+00  0.24999907E+01  0.25124954E+01 -0.10334423E-01  0.25021609E+01  0.21702366E-02
-0.42000000E+00 -0.72000000E+00  0.00000000E+00  0.25026190E+01  0.25138095E+01 -0.96078278E-02  0.25042017E+01  0.15826722E-02
-0.36000000E+00 -0.72000000E+00  0.00000000E+00  0.25051194E+01  0.25150597E+01 -0.89922056E-02  0.25060675E+01  0.94808435E-03
-0.30000000E+00 -0.72000000E+00  0.00000000E+00  0.25074112E+01  0.25162056E+01 -0.76888944E-02  0.25085167E+01  0.11055156E-02
-0.24000000E+00 -0.72000000E+00  0.00000000E+00  0.25094154E+01  0.25172077E+01 -0.66011260E-02  0.25106066E+01  0.11911840E-02
-0.18000000E+00 -0.72000000E+00  0.00000000E+00  0.25110595E+01  0.25180298E+01 -0.61788763E-02  0.25118509E+01  0.79138373E-03
-0.12000000E+00 -0.72000000E+00  0.00000000E+00  0.25122817E+01  0.25186409E+01 -0.54275461E-02  0.25132133E+01  0.93159387E-03
-0.60000000E-01 -0.72000000E+00  0.00000000E+00  0.25130349E+01  0.25190174E+01 -0.43124688E-02  0.25147050E+01  0.16700912E-02
 0.00000000E+00 -0.72000000E+00  0.00000000E+00  0.25132893E+01  0.25191446E+01 -0.37691255E-02  0.25153755E+01  0.20862245E-02
 0.60000000E-01 -0.72000000E+00  0.00000000E+00  0.25130349E+01  0.25190174E+01 -0.43545806E-02  0.25146629E+01  0.16279794E-02
 0.12000000E+00 -0.72000000E+00  0.00000000E+00  0.25122817E+01  0.25186409E+01 -0.51155246E-02  0.25135253E+01  0.12436154E-02
 0.18000000E+00 -0.72000000E+00  0.00000000E+00  0.25110595E+01  0.25180298E+01 -0.55568761E-02  0.25124729E+01  0.14133839E-02
 0.24000000E+00 -0.72000000E+00  0.00000000E+00  0.25094154E+01  0.25172077E+01 -0.61390178E-02  0.25110687E+01  0.16532922E-02
 0.30000000E+00 -0.72000000E+00  0.00000000E+00  0.25074112E+01  0.25162056E+01 -0.74046276E-02  0.25088010E+01  0.13897824E-02
 0.36000000E+00 -0.72000000E+00  0.00000000E+00  0.25051194E+01  0.25150597E+01 -0.88752100E-02  0.25061845E+01  0.10650800E-02
 0.42000000E+00 -0.72000000E+00  0.00000000E+00  0.25026190E+01  0.25138095E+01 -0.95627670E-02  0.25042467E+01  0.16277330E-02
 0.48000000E+00 -0.72000000E+00  0.00000000E+00  0.24999907E+01  0.25124954E+01 -0.10008586E-01  0.25024868E+01  0.24960736E-02
-0.60000000E+00 -0.66000000E+00  0.00000000E+00  0.24979160E+01  0.25114580E+01 -0.10574044E-01  0.25008840E+01  0.29679462E-02
-0.54000000E+00 -0.66000000E+00  0.00000000E+00  0.25010106E+01  0.25130053E+01 -0.10745152E-01  0.25022601E+01  0.12495582E-02
-0.48000000E+00 -0.66000000E+00  0.00000000E+00  0.25041320E+01  0.25145660E+01 -0.88279876E-02  0.25057380E+01  0.16060124E-02
-0.42000000E+00 -0.66000000E+00  0.00000000E+00  0.25071958E+01  0.25160979E+01 -0.72198786E-02  0.25088780E+01  0.16822014E-02
-0.36000000E+00 -0.66000000E+00  0.00000000E+00  0.25101106E+01  0.25175553E+01 -0.57051871E-02  0.25118501E+01  0.17395029E-02
-0.30000000E+00 -0.66000000E+00  0.00000000E+00  0.25127822E+01  0.25188911E+01 -0.40376924E-02  0.25148534E+01  0.20712376E-02
-0.24000000E+00 -0.66000000E+00  0.00000000E+00  0.25151185E+01  0.25200592E+01 -0.34846069E-02  0.25165746E+01  0.14561631E-02
-0.18000000E+00 -0.66000000E+00  0.00000000E+00  0.25170350E+01  0.25210175E+01 -0.33484776E-02  0.25176690E+01  0.63400245E-03
-0.12000000E+00 -0.66000000E+00  0.00000000E+00  0.25184598E+01  0.25217299E+01 -0.25620637E-02  0.25191678E+01  0.70802625E-03
-0.60000000E-01 -0.66000000E+00  0.00000000E+00  0.25193378E+01  0.25221689E+01 -0.14763416E-02  0.25206925E+01  0.13547684E-02
 0.00000000E+00 -0.66000000E+00  0.00000000E+00  0.25196343E+01  0.25223172E+01 -0.12809987E-02  0.25210362E+01  0.14018313E-02
 0.60000000E-01 -0.66000000E+00  0.00000000E+00  0.25193378E+01  0.25221689E+01 -0.19519347E-02  0.25202169E+01  0.87917528E-03
 0.12000000E+00 -0.66000000E+00  0.00000000E+00  0.25184598E+01  0.25217299E+01 -0.27221297E-02  0.25190078E+01  0.54796032E-03
 0.18000000E+00 -0.66000000E+00  0.00000000E+00  0.25170350E+01  0.25210175E+01 -0.35431253E-02  0.25174744E+01  0.43935475E-03
 0.24000000E+00 -0.66000000E+00  0.00000000E+00  0.25151185E+01  0.25200592E+01 -0.45140368E-02  0.25155452E+01  0.42673319E-03
 0.30000000E+00 -0.66000000E+00  0.00000000E+00  0.25127822E+01  0.25188911E+01 -0.53150758E-02  0.25135760E+01  0.79385416E-03
 0.36000000E+00 -0.66000000E+00  0.00000000E+00  0.25101106E+01  0.25175553E+01 -0.63377416E-02  0.25112176E+01  0.11069484E-02
 0.42000000E+00 -0.66000000E+00  0.00000000E+00  0.25071958E+01  0.25160979E+01 -0.80699449E-02  0.25080280E+01  0.83213512E-03
 0.48000000E+00 -0.66000000E+00  0.00000000E+00  0.25041320E+01  0.25145660E+01 -0.98319383E-02  0.25047341E+01  0.60206173E-03
 0.54000000E+00 -0.66000000E+00  0.00000000E+00  0.25010106E+01  0.25130053E+01 -0.10243004E-01  0.25027623E+01  0.17517065E-02
 0.60000000E+00 -0.66000000E+00  0.00000000E+00  0.24979160E+01  0.25114580E+01 -0.98595474E-02  0.25015985E+01  0.36824426E-02
-0.66000000E+00 -0.60000000E+00  0.00000000E+00  0.24979160E+01  0.25114580E+01 -0.98308777E-02  0.25016271E+01  0.37111123E-02
-0.60000000E+00 -0.60000000E+00  0.00000000E+00  0.25013597E+01  0.25131799E+01 -0.99713621E-02  0.25032085E+01  0.18487879E-02
-0.54000000E+00 -0.60000000E+00  0.00000000E+00  0.25049193E+01  0.25149597E+01 -0.86084677E-02  0.25063512E+01  0.14318923E-02
-0.48000000E+00 -0.60000000E+00  0.00000000E+00  0.25085098E+01  0.25167549E+01 -0.63052026E-02  0.25104497E+01  0.19399174E-02
-0.42000000E+00 -0.60000000E+00  0.00000000E+00  0.25120340E+01  0.25185170E+01 -0.52381731E-02  0.25132788E+01  0.12448169E-02
-0.36000000E+00 -0.60000000E+00  0.00000000E+00  0.25153868E+01  0.25201934E+01 -0.39693594E-02  0.25162241E+01  0.83723058E-03
-0.30000000E+00 -0.60000000E+00  0.00000000E+00  0.25184598E+01  0.25217299E+01 -0.23418996E-02  0.25193880E+01  0.92819043E-03
-0.24000000E+00 -0.60000000E+00  0.00000000E+00  0.25211472E+01  0.25230736E+01 -0.16758802E-02  0.25213977E+01  0.25049978E-03
-0.18000000E+00 -0.60000000E+00  0.00000000E+00  0.25233518E+01  0.25241759E+01 -0.12560287E-02  0.25229199E+01 -0.43192872E-03
-0.12000000E+00 -0.60000000E+00  0.00000000E+00  0.25249907E+01  0.25249954E+01 -0.31788782E-03  0.25246775E+01 -0.31322782E-03
-0.60000000E-01 -0.60000000E+00  0.00000000E+00  0.25260006E+01  0.25255003E+01  0.31339926E-03  0.25258137E+01 -0.18688074E-03
 0.00000000E+00 -0.60000000E+00  0.00000000E+00  0.25263417E+01  0.25256709E+01  0.70074795E-04  0.25257409E+01 -0.60077521E-03
 0.60000000E-01 -0.60000000E+00  0.00000000E+00  0.25260006E+01  0.25255003E+01 -0.25542182E-03  0.25252449E+01 -0.75570182E-03
 0.12000000E+00 -0.60000000E+00  0.00000000E+00  0.25249907E+01  0.25249954E+01 -0.21692112E-03  0.25247784E+01 -0.21226112E-03
 0.18000000E+00 -0.60000000E+00  0.00000000E+00  0.25233518E+01  0.25241759E+01 -0.66351227E-03  0.25235124E+01  0.16058773E-03
 0.24000000E+00 -0.60000000E+00  0.00000000E+00  0.25211472E+01  0.25230736E+01 -0.17476593E-02  0.25213260E+01  0.17872065E-03
 0.30000000E+00 -0.60000000E+00  0.00000000E+00  0.25184598E+01  0.25217299E+01 -0.24456589E-02  0.25192843E+01  0.82443109E-03
 0.36000000E+00 -0.60000000E+00  0.00000000E+00  0.25153868E+01  0.25201934E+01 -0.29130238E-02  0.25172804E+01  0.18935662E-02
 0.42000000E+00 -0.60000000E+00  0.00000000E+00  0.25120340E+01  0.25185170E+01 -0.44220603E-02  0.25140949E+01  0.20609297E-02
 0.48000000E+00 -0.60000000E+00  0.00000000E+00  0.25085098E+01  0.25167549E+01 -0.73048136E-02  0.25094501E+01  0.94030638E-03
 0.54000000E+00 -0.60000000E+00  0.00000000E+00  0.25049193E+01  0.25149597E+01 -0.92372836E-02  0.25057224E+01  0.80307639E-03
 0.60000000E+00 -0.60000000E+00  0.00000000E+00  0.25013597E+01  0.25131799E+01 -0.99460362E-02  0.25032338E+01  0.18741138E-02
 0.66000000E+00 -0.60000000E+00  0.00000000E+00  0.24979160E+01  0.25114580E+01 -0.10646782E-01  0.25008112E+01  0.28952079E-02
-0.66000000E+00 -0.54000000E+00  0.00000000E+00  0.25010106E+01  0.25130053E+01 -0.10199502E-01  0.25028058E+01  0.17952079E-02
-0.60000000E+00 -0.54000000E+00  0.00000000E+00  0.25049193E+01  0.25149597E+01 -0.92843298E-02  0.25056753E+01  0.75603021E-03
-0.54000000E+00 -0.54000000E+00  0.00000000E+00  0.25089596E+01  0.25169798E+01 -0.67822532E-02  0.25101975E+01  0.12379768E-02
-0.48000000E+00 -0.54000000E+00  0.00000000E+00  0.25130349E+01  0.25190174E+01 -0.50069861E-02  0.25140105E+01  0.97557390E-03
-0.42000000E+00 -0.54000000E+00  0.00000000E+00  0.25170350E+01  0.25210175E+01 -0.41361310E-02  0.25168814E+01 -0.15365097E-03
-0.36000000E+00 -0.54000000E+00  0.00000000E+00  0.25208406E+01  0.25229203E+01 -0.24231644E-02  0.25204971E+01 -0.34346445E-03
-0.30000000E+00 -0.54000000E+00  0.00000000E+00  0.25243286E+01  0.25246643E+01 -0.52468759E-03  0.25241396E+01 -0.18896759E-03
-0.24000000E+00 -0.54000000E+00  0.00000000E+00  0.25273789E+01  0.25261894E+01  0.66550505E-03  0.25268549E+01 -0.52393495E-03
-0.18000000E+00 -0.54000000E+00  0.00000000E+00  0.25298812E+01  0.25274406E+01  0.17876544E-02  0.25292282E+01 -0.65292556E-03
-0.12000000E+00 -0.54000000E+00  0.00000000E+00  0.25317414E+01  0.25283707E+01  0.27403436E-02  0.25311110E+01 -0.63034638E-03
-0.60000000E-01 -0.54000000E+00  0.00000000E+00  0.25328876E+01  0.25289438E+01  0.29330726E-02  0.25318769E+01 -0.10107374E-02
 0.00000000E+00 -0.54000000E+00  0.00000000E+00  0.25332748E+01  0.25291374E+01  0.26142759E-02  0.25317517E+01 -0.15231441E-02
 0.60000000E-01 -0.54000000E+00  0.00000000E+00  0.25328876E+01  0.25289438E+01  0.26680580E-02  0.25316119E+01 -0.12757520E-02
 0.12000000E+00 -0.54000000E+00  0.00000000E+00  0.25317414E+01  0.25283707E+01  0.30647395E-02  0.25314354E+01 -0.30595046E-03
 0.18000000E+00 -0.54000000E+00  0.00000000E+00  0.25298812E+01  0.25274406E+01  0.26147467E-02  0.25300553E+01  0.17416670E-03
 0.24000000E+00 -0.54000000E+00  0.00000000E+00  0.25273789E+01  0.25261894E+01  0.11332402E-02  0.25273227E+01 -0.56199811E-04
 0.30000000E+00 -0.54000000E+00  0.00000000E+00  0.25243286E+01  0.25246643E+01 -0.78995488E-04  0.25245853E+01  0.25672451E-03
 0.36000000E+00 -0.54000000E+00  0.00000000E+00  0.25208406E+01  0.25229203E+01 -0.83256155E-03  0.25220877E+01  0.12471384E-02
 0.42000000E+00 -0.54000000E+00  0.00000000E+00  0.25170350E+01  0.25210175E+01 -0.20250134E-02  0.25189925E+01  0.19574666E-02
 0.48000000E+00 -0.54000000E+00  0.00000000E+00  0.25130349E+01  0.25190174E+01 -0.44406252E-02  0.25145768E+01  0.15419348E-02
 0.54000000E+00 -0.54000000E+00  0.00000000E+00  0.25089596E+01  0.25169798E+01 -0.68255526E-02  0.25101542E+01  0.11946774E-02
 0.60000000E+00 -0.54000000E+00  0.00000000E+00  0.25049193E+01  0.25149597E+01 -0.85827493E-02  0.25063769E+01  0.14576107E-02
 0.66000000E+00 -0.54000000E+00  0.00000000E+00  0.25010106E+01  0.25130053E+01 -0.10759431E-01  0.25022459E+01  0.12352790E-02
-0.72000000E+00 -0.48000000E+00  0.00000000E+00  0.24999907E+01  0.25124954E+01 -0.99732692E-02  0.25025221E+01  0.25313908E-02
-0.66000000E+00 -0.48000000E+00  0.00000000E+00  0.25041320E+01  0.25145660E+01 -0.98661679E-02  0.25046998E+01  0.56783214E-03
-0.60000000E+00 -0.48000000E+00  0.00000000E+00  0.25085098E+01  0.25167549E+01 -0.74230063E-02  0.25093319E+01  0.82211370E-03
-0.54000000E+00 -0.48000000E+00  0.00000000E+00  0.25130349E+01  0.25190174E+01 -0.44054741E-02  0.25146120E+01  0.15770859E-02
-0.48000000E+00 -0.48000000E+00  0.00000000E+00  0.25175993E+01  0.25212996E+01 -0.30906208E-02  0.25182090E+01  0.60974915E-03
-0.42000000E+00 -0.48000000E+00  0.00000000E+00  0.25220795E+01  0.25235397E+01 -0.17634340E-02  0.25217763E+01 -0.30316405E-03
-0.36000000E+00 -0.48000000E+00  0.00000000E+00  0.25263417E+01  0.25256709E+01  0.48817212E-03  0.25261590E+01 -0.18267788E-03
-0.30000000E+00 -0.48000000E+00  0.00000000E+00  0.25302483E+01  0.25276241E+01  0.23216971E-02  0.25299458E+01 -0.30243288E-03
-0.24000000E+00 -0.48000000E+00  0.00000000E+00  0.25336646E+01  0.25293323E+01  0.34849081E-02  0.25328172E+01 -0.84740187E-03
-0.18000000E+00 -0.48000000E+00  0.00000000E+00  0.25364672E+01  0.25307336E+01  0.48535725E-02  0.25355872E+01 -0.88002748E-03
-0.12000000E+00 -0.48000000E+00  0.00000000E+00  0.25385506E+01  0.25317753E+01  0.60108223E-02  0.25377861E+01 -0.76449771E-03
-0.60000000E-01 -0.48000000E+00  0.00000000E+00  0.25398344E+01  0.25324172E+01  0.64140820E-02  0.25388313E+01 -0.10031280E-02
 0.00000000E+00 -0.48000000E+00  0.00000000E+00  0.25402681E+01  0.25326340E+01  0.63540067E-02  0.25389881E+01 -0.12800533E-02
 0.60000000E-01 -0.48000000E+00  0.00000000E+00  0.25398344E+01  0.25324172E+01  0.63473414E-02  0.25387646E+01 -0.10698686E-02
 0.12000000E+00 -0.48000000E+00  0.00000000E+00  0.25385506E+01  0.25317753E+01  0.61900069E-02  0.25379653E+01 -0.58531309E-03
 0.18000000E+00 -0.48000000E+00  0.00000000E+00  0.25364672E+01  0.25307336E+01  0.50883265E-02  0.25358219E+01 -0.64527350E-03
 0.24000000E+00 -0.48000000E+00  0.00000000E+00  0.25336646E+01  0.25293323E+01  0.29616214E-02  0.25322939E+01 -0.13706886E-02
 0.30000000E+00 -0.48000000E+00  0.00000000E+00  0.25302483E+01  0.25276241E+01  0.10815138E-02  0.25287056E+01 -0.15426162E-02
 0.36000000E+00 -0.48000000E+00  0.00000000E+00  0.25263417E+01  0.25256709E+01 -0.30274589E-04  0.25256406E+01 -0.70112459E-03
 0.42000000E+00 -0.48000000E+00  0.00000000E+00  0.25220795E+01  0.25235397E+01 -0.10585086E-02  0.25224812E+01  0.40176136E-03
 0.48000000E+00 -0.48000000E+00  0.00000000E+00  0.25175993E+01  0.25212996E+01 -0.30542203E-02  0.25182454E+01  0.64614966E-03
 0.54000000E+00 -0.48000000E+00  0.00000000E+00  0.25130349E+01  0.25190174E+01 -0.50739564E-02  0.25139435E+01  0.90860359E-03
 0.60000000E+00 -0.48000000E+00  0.00000000E+00  0.25085098E+01  0.25167549E+01 -0.63172116E-02  0.25104377E+01  0.19279084E-02
 0.66000000E+00 -0.48000000E+00  0.00000000E+00  0.25041320E+01  0.25145660E+01 -0.86907326E-02  0.25058753E+01  0.17432674E-02
 0.72000000E+00 -0.48000000E+00  0.00000000E+00  0.24999907E+01  0.25124954E+01 -0.10267290E-01  0.25022281E+01  0.22373697E-02
-0.78000000E+00 -0.42000000E+00  0.00000000E+00  0.24983790E+01  0.25116895E+01 -0.96268804E-02  0.25020626E+01  0.36836296E-02
-0.72000000E+00 -0.42000000E+00  0.00000000E+00  0.25026190E+01  0.25138095E+01 -0.95523534E-02  0.25042571E+01  0.16381466E-02
-0.66000000E+00 -0.42000000E+00  0.00000000E+00  0.25071958E+01  0.25160979E+01 -0.81686547E-02  0.25079293E+01  0.73342532E-03
-0.60000000E+00 -0.42000000E+00  0.00000000E+00  0.25120340E+01  0.25185170E+01 -0.44955155E-02  0.25140215E+01  0.19874745E-02
-0.54000000E+00 -0.42000000E+00  0.00000000E+00  0.25170350E+01  0.25210175E+01 -0.17973199E-02  0.25192202E+01  0.21851601E-02
-0.48000000E+00 -0.42000000E+00  0.00000000E+00  0.25220795E+01  0.25235397E+01 -0.74047725E-03  0.25227993E+01  0.71979275E-03
-0.42000000E+00 -0.42000000E+00  0.00000000E+00  0.25270309E+01  0.25260154E+01  0.84870183E-03  0.25268641E+01 -0.16671817E-03
-0.36000000E+00 -0.42000000E+00  0.00000000E+00  0.25317414E+01  0.25283707E+01  0.33955492E-02  0.25317662E+01  0.24859178E-04
-0.30000000E+00 -0.42000000E+00  0.00000000E+00  0.25360588E+01  0.25305294E+01  0.52005710E-02  0.25357300E+01 -0.32880902E-03
-0.24000000E+00 -0.42000000E+00  0.00000000E+00  0.25398344E+01  0.25324172E+01  0.62018480E-02  0.25386191E+01 -0.12153620E-02
-0.18000000E+00 -0.42000000E+00  0.00000000E+00  0.25429318E+01  0.25339659E+01  0.75076264E-02  0.25414735E+01 -0.14582536E-02
-0.12000000E+00 -0.42000000E+00  0.00000000E+00  0.25452343E+01  0.25351172E+01  0.87688259E-02  0.25438860E+01 -0.13483241E-02
-0.60000000E-01 -0.42000000E+00  0.00000000E+00  0.25466531E+01  0.25358266E+01  0.93913263E-02  0.25452179E+01 -0.14352337E-02
 0.00000000E+00 -0.42000000E+00  0.00000000E+00  0.25471324E+01  0.25360662E+01  0.94775422E-02  0.25455438E+01 -0.15886578E-02
 0.60000000E-01 -0.42000000E+00  0.00000000E+00  0.25466531E+01  0.25358266E+01  0.93042749E-02  0.25451308E+01 -0.15222851E-02
 0.12000000E+00 -0.42000000E+00  0.00000000E+00  0.25452343E+01  0.25351172E+01  0.88200475E-02  0.25439372E+01 -0.12971025E-02
 0.18000000E+00 -0.42000000E+00  0.00000000E+00  0.25429318E+01  0.25339659E+01  0.75428910E-02  0.25415088E+01 -0.14229890E-02
 0.24000000E+00 -0.42000000E+00  0.00000000E+00  0.25398344E+01  0.25324172E+01  0.53526088E-02  0.25377698E+01 -0.20646012E-02
 0.30000000E+00 -0.42000000E+00  0.00000000E+00  0.25360588E+01  0.25305294E+01  0.33466355E-02  0.25338760E+01 -0.21827445E-02
 0.36000000E+00 -0.42000000E+00  0.00000000E+00  0.25317414E+01  0.25283707E+01  0.21405543E-02  0.25305112E+01 -0.12301357E-02
 0.42000000E+00 -0.42000000E+00  0.00000000E+00  0.25270309E+01  0.25260154E+01  0.95487598E-03  0.25269703E+01 -0.60544016E-04
 0.48000000E+00 -0.42000000E+00  0.00000000E+00  0.25220795E+01  0.25235397E+01 -0.13383766E-02  0.25222014E+01  0.12189336E-03
 0.54000000E+00 -0.42000000E+00  0.00000000E+00  0.25170350E+01  0.25210175E+01 -0.39038815E-02  0.25171136E+01  0.78598544E-04
 0.60000000E+00 -0.42000000E+00  0.00000000E+00  0.25120340E+01  0.25185170E+01 -0.52339081E-02  0.25132831E+01  0.12490819E-02
 0.66000000E+00 -0.42000000E+00  0.00000000E+00  0.25071958E+01  0.25160979E+01 -0.73279361E-02  0.25087700E+01  0.15741439E-02
 0.72000000E+00 -0.42000000E+00  0.00000000E+00  0.25026190E+01  0.25138095E+01 -0.93690894E-02  0.25044404E+01  0.18214106E-02
 0.78000000E+00 -0.42000000E+00  0.00000000E+00  0.24983790E+01  0.25116895E+01 -0.96508456E-02  0.25020386E+01  0.36596644E-02
-0.78000000E+00 -0.36000000E+00  0.00000000E+00  0.25004955E+01  0.25127478E+01 -0.10310431E-01  0.25024373E+01  0.19417987E-02
-0.72000000E+00 -0.36000000E+00  0.00000000E+00  0.25051194E+01  0.25150597E+01 -0.88633957E-02  0.25061963E+01  0.10768943E-02
-0.66000000E+00 -0.36000000E+00  0.00000000E+00  0.25101106E+01  0.25175553E+01 -0.63134527E-02  0.25112419E+01  0.11312373E-02
-0.60000000E+00 -0.36000000E+00  0.00000000E+00  0.25153868E+01  0.25201934E+01 -0.28815634E-02  0.25173118E+01  0.19250266E-02
-0.54000000E+00 -0.36000000E+00  0.00000000E+00  0.25208406E+01  0.25229203E+01 -0.64013808E-03  0.25222802E+01  0.14395619E-02
-0.48000000E+00 -0.36000000E+00  0.00000000E+00  0.25263417E+01  0.25256709E+01  0.36977551E-03  0.25260406E+01 -0.30107449E-03
-0.42000000E+00 -0.36000000E+00  0.00000000E+00  0.25317414E+01  0.25283707E+01  0.22080385E-02  0.25305787E+01 -0.11626515E-02
-0.36000000E+00 -0.36000000E+00  0.00000000E+00  0.25368783E+01  0.25309392E+01  0.51930643E-02  0.25361322E+01 -0.74610567E-03
-0.30000000E+00 -0.36000000E+00  0.00000000E+00  0.25415866E+01  0.25332933E+01  0.74513208E-02  0.25407446E+01 -0.84197925E-03
-0.24000000E+00 -0.36000000E+00  0.00000000E+00  0.25457041E+01  0.25353521E+01  0.87569642E-02  0.25441090E+01 -0.15950858E-02
-0.18000000E+00 -0.36000000E+00  0.00000000E+00  0.25490818E+01  0.25370409E+01  0.10069663E-01  0.25471106E+01 -0.19712471E-02
-0.12000000E+00 -0.36000000E+00  0.00000000E+00  0.25515928E+01  0.25382964E+01  0.11206664E-01  0.25495031E+01 -0.20897461E-02
-0.60000000E-01 -0.36000000E+00  0.00000000E+00  0.25531401E+01  0.25390701E+01  0.11717493E-01  0.25507876E+01 -0.23525569E-02
 0.00000000E+00 -0.36000000E+00  0.00000000E+00  0.25536628E+01  0.25393314E+01  0.11756371E-01  0.25510878E+01 -0.25750289E-02
 0.60000000E-01 -0.36000000E+00  0.00000000E+00  0.25531401E+01  0.25390701E+01  0.11622459E-01  0.25506925E+01 -0.24475915E-02
 0.12000000E+00 -0.36000000E+00  0.00000000E+00  0.25515928E+01  0.25382964E+01  0.11264616E-01  0.25495610E+01 -0.20317942E-02
 0.18000000E+00 -0.36000000E+00  0.00000000E+00  0.25490818E+01  0.25370409E+01  0.10240722E-01  0.25472816E+01 -0.18001880E-02
 0.24000000E+00 -0.36000000E+00  0.00000000E+00  0.25457041E+01  0.25353521E+01  0.85285845E-02  0.25438806E+01 -0.18234655E-02
 0.30000000E+00 -0.36000000E+00  0.00000000E+00  0.25415866E+01  0.25332933E+01  0.69598070E-02  0.25402531E+01 -0.13334930E-02
 0.36000000E+00 -0.36000000E+00  0.00000000E+00  0.25368783E+01  0.25309392E+01  0.56624156E-02  0.25366016E+01 -0.27675444E-03
 0.42000000E+00 -0.36000000E+00  0.00000000E+00  0.25317414E+01  0.25283707E+01  0.37264726E-02  0.25320972E+01  0.35578265E-03
 0.48000000E+00 -0.36000000E+00  0.00000000E+00  0.25263417E+01  0.25256709E+01  0.64719994E-03  0.25263181E+01 -0.23650056E-04
 0.54000000E+00 -0.36000000E+00  0.00000000E+00  0.25208406E+01  0.25229203E+01 -0.22920905E-02  0.25206282E+01 -0.21239055E-03
 0.60000000E+00 -0.36000000E+00  0.00000000E+00  0.25153868E+01  0.25201934E+01 -0.40555898E-02  0.25161378E+01  0.75100018E-03
 0.66000000E+00 -0.36000000E+00  0.00000000E+00  0.25101106E+01  0.25175553E+01 -0.63776885E-02  0.25111776E+01  0.10670015E-02
 0.72000000E+00 -0.36000000E+00  0.00000000E+00  0.25051194E+01  0.25150597E+01 -0.92502335E-02  0.25058095E+01  0.69005653E-03
 0.78000000E+00 -0.36000000E+00  0.00000000E+00  0.25004955E+01  0.25127478E+01 -0.10338550E-01  0.25024092E+01  0.19136800E-02
-0.84000000E+00 -0.30000000E+00  0.00000000E+00  0.24979160E+01  0.25114580E+01 -0.11282673E-01  0.25001753E+01  0.22593167E-02
-0.78000000E+00 -0.30000000E+00  0.00000000E+00  0.25024355E+01  0.25137177E+01 -0.10233010E-01  0.25034847E+01  0.10492604E-02
-0.72000000E+00 -0.30000000E+00  0.00000000E+00  0.25074112E+01  0.25162056E+01 -0.73887996E-02  0.25088168E+01  0.14056104E-02
-0.66000000E+00 -0.30000000E+00  0.00000000E+00  0.25127822E+01  0.25188911E+01 -0.52135652E-02  0.25136775E+01  0.89536481E-03
-0.60000000E+00 -0.30000000E+00  0.00000000E+00  0.25184598E+01  0.25217299E+01 -0.24801797E-02  0.25192497E+01  0.78991029E-03
-0.54000000E+00 -0.30000000E+00  0.00000000E+00  0.25243286E+01  0.25246643E+01 -0.17430049E-03  0.25244900E+01  0.16141951E-03
-0.48000000E+00 -0.30000000E+00  0.00000000E+00  0.25302483E+01  0.25276241E+01  0.11574567E-02  0.25287816E+01 -0.14666733E-02
-0.42000000E+00 -0.30000000E+00  0.00000000E+00  0.25360588E+01  0.25305294E+01  0.33599609E-02  0.25338894E+01 -0.21694191E-02
-0.36000000E+00 -0.30000000E+00  0.00000000E+00  0.25415866E+01  0.25332933E+01  0.66347601E-02  0.25399281E+01 -0.16585399E-02
-0.30000000E+00 -0.30000000E+00  0.00000000E+00  0.25466531E+01  0.25358266E+01  0.91994757E-02  0.25450260E+01 -0.16270843E-02
-0.24000000E+00 -0.30000000E+00  0.00000000E+00  0.25510839E+01  0.25380420E+01  0.10878806E-01  0.25489208E+01 -0.21631437E-02
-0.18000000E+00 -0.30000000E+00  0.00000000E+00  0.25547186E+01  0.25398593E+01  0.12380463E-01  0.25522398E+01 -0.24788665E-02
-0.12000000E+00 -0.30000000E+00  0.00000000E+00  0.25574207E+01  0.25412104E+01  0.13511080E-01  0.25547214E+01 -0.26992801E-02
-0.60000000E-01 -0.30000000E+00  0.00000000E+00  0.25590857E+01  0.25420429E+01  0.13977199E-01  0.25560201E+01 -0.30656714E-02
 0.00000000E+00 -0.30000000E+00  0.00000000E+00  0.25596482E+01  0.25423241E+01  0.14021521E-01  0.25563456E+01 -0.33025593E-02
 0.60000000E-01 -0.30000000E+00  0.00000000E+00  0.25590857E+01  0.25420429E+01  0.13946206E-01  0.25559891E+01 -0.30966639E-02
 0.12000000E+00 -0.30000000E+00  0.00000000E+00  0.25574207E+01  0.25412104E+01  0.13617465E-01  0.25548278E+01 -0.25928949E-02
 0.18000000E+00 -0.30000000E+00  0.00000000E+00  0.25547186E+01  0.25398593E+01  0.12601797E-01  0.25524611E+01 -0.22575326E-02
 0.24000000E+00 -0.30000000E+00  0.00000000E+00  0.25510839E+01  0.25380420E+01  0.11003809E-01  0.25490458E+01 -0.20381414E-02
 0.30000000E+00 -0.30000000E+00  0.00000000E+00  0.25466531E+01  0.25358266E+01  0.94941413E-02  0.25453207E+01 -0.13324187E-02
 0.36000000E+00 -0.30000000E+00  0.00000000E+00  0.25415866E+01  0.25332933E+01  0.77784365E-02  0.25410717E+01 -0.51486354E-03
 0.42000000E+00 -0.30000000E+00  0.00000000E+00  0.25360588E+01  0.25305294E+01  0.48629778E-02  0.25353924E+01 -0.66640221E-03
 0.48000000E+00 -0.30000000E+00  0.00000000E+00  0.25302483E+01  0.25276241E+01  0.14604552E-02  0.25290846E+01 -0.11636748E-02
 0.54000000E+00 -0.30000000E+00  0.00000000E+00  0.25243286E+01  0.25246643E+01 -0.68810369E-03  0.25239762E+01 -0.35238369E-03
 0.60000000E+00 -0.30000000E+00  0.00000000E+00  0.25184598E+01  0.25217299E+01 -0.19367540E-02  0.25197932E+01  0.13333360E-02
 0.66000000E+00 -0.30000000E+00  0.00000000E+00  0.25127822E+01  0.25188911E+01 -0.45212046E-02  0.25143699E+01  0.15877254E-02
 0.72000000E+00 -0.30000000E+00  0.00000000E+00  0.25074112E+01  0.25162056E+01 -0.87675791E-02  0.25074380E+01  0.26830947E-04
 0.78000000E+00 -0.30000000E+00  0.00000000E+00  0.25024355E+01  0.25137177E+01 -0.10441817E-01  0.25032759E+01  0.84045276E-03
 0.84000000E+00 -0.30000000E+00  0.00000000E+00  0.24979160E+01  0.25114580E+01 -0.10171599E-01  0.25012864E+01  0.33703907E-02
-0.84000000E+00 -0.24000000E+00  0.00000000E+00  0.24993331E+01  0.25121665E+01 -0.10040285E-01  0.25021263E+01  0.27931750E-02
-0.78000000E+00 -0.24000000E+00  0.00000000E+00  0.25041320E+01  0.25145660E+01 -0.89997005E-02  0.25055663E+01  0.14342995E-02
-0.72000000E+00 -0.24000000E+00  0.00000000E+00  0.25094154E+01  0.25172077E+01 -0.62737529E-02  0.25109339E+01  0.15185571E-02
-0.66000000E+00 -0.24000000E+00  0.00000000E+00  0.25151185E+01  0.25200592E+01 -0.45532286E-02  0.25155060E+01  0.38754137E-03
-0.60000000E+00 -0.24000000E+00  0.00000000E+00  0.25211472E+01  0.25230736E+01 -0.18221955E-02  0.25212514E+01  0.10418448E-03
-0.54000000E+00 -0.24000000E+00  0.00000000E+00  0.25273789E+01  0.25261894E+01  0.94178805E-03  0.25271312E+01 -0.24765195E-03
-0.48000000E+00 -0.24000000E+00  0.00000000E+00  0.25336646E+01  0.25293323E+01  0.28166255E-02  0.25321489E+01 -0.15156845E-02
-0.42000000E+00 -0.24000000E+00  0.00000000E+00  0.25398344E+01  0.25324172E+01  0.52709981E-02  0.25376882E+01 -0.21462119E-02
-0.36000000E+00 -0.24000000E+00  0.00000000E+00  0.25457041E+01  0.25353521E+01  0.84129342E-02  0.25437650E+01 -0.19391158E-02
-0.30000000E+00 -0.24000000E+00  0.00000000E+00  0.25510839E+01  0.25380420E+01  0.10966437E-01  0.25490084E+01 -0.20755133E-02
-0.24000000E+00 -0.24000000E+00  0.00000000E+00  0.25557887E+01  0.25403943E+01  0.12817830E-01  0.25532122E+01 -0.25765105E-02
-0.18000000E+00 -0.24000000E+00  0.00000000E+00  0.25596482E+01  0.25423241E+01  0.14451469E-01  0.25567756E+01 -0.28726111E-02
-0.12000000E+00 -0.24000000E+00  0.00000000E+00  0.25625173E+01  0.25437587E+01  0.15700684E-01  0.25594594E+01 -0.30579757E-02
-0.60000000E-01 -0.24000000E+00  0.00000000E+00  0.25642853E+01  0.25446427E+01  0.16307066E-01  0.25609497E+01 -0.33355842E-02
 0.00000000E+00 -0.24000000E+00  0.00000000E+00  0.25648825E+01  0.25449413E+01  0.16446744E-01  0.25613880E+01 -0.34945161E-02
 0.60000000E-01 -0.24000000E+00  0.00000000E+00  0.25642853E+01  0.25446427E+01  0.16331375E-01  0.25609740E+01 -0.33112751E-02
 0.12000000E+00 -0.24000000E+00  0.00000000E+00  0.25625173E+01  0.25437587E+01  0.15788939E-01  0.25595476E+01 -0.29697209E-02
 0.18000000E+00 -0.24000000E+00  0.00000000E+00  0.25596482E+01  0.25423241E+01  0.14506858E-01  0.25568309E+01 -0.28172216E-02
 0.24000000E+00 -0.24000000E+00  0.00000000E+00  0.25557887E+01  0.25403943E+01  0.12717902E-01  0.25531122E+01 -0.26764384E-02
 0.30000000E+00 -0.24000000E+00  0.00000000E+00  0.25510839E+01  0.25380420E+01  0.10915935E-01  0.25489579E+01 -0.21260154E-02
 0.36000000E+00 -0.24000000E+00  0.00000000E+00  0.25457041E+01  0.25353521E+01  0.86617832E-02  0.25440138E+01 -0.16902668E-02
 0.42000000E+00 -0.24000000E+00  0.00000000E+00  0.25398344E+01  0.25324172E+01  0.53504190E-02  0.25377676E+01 -0.20667910E-02
 0.48000000E+00 -0.24000000E+00  0.00000000E+00  0.25336646E+01  0.25293323E+01  0.24462789E-02  0.25317786E+01 -0.18860311E-02
 0.54000000E+00 -0.24000000E+00  0.00000000E+00  0.25273789E+01  0.25261894E+01  0.11208069E-02  0.25273102E+01 -0.68633073E-04
 0.60000000E+00 -0.24000000E+00  0.00000000E+00  0.25211472E+01  0.25230736E+01  0.25197612E-03  0.25233256E+01  0.21783561E-02
 0.66000000E+00 -0.24000000E+00  0.00000000E+00  0.25151185E+01  0.25200592E+01 -0.23583239E-02  0.25177009E+01  0.25824461E-02
 0.72000000E+00 -0.24000000E+00  0.00000000E+00  0.25094154E+01  0.25172077E+01 -0.71188911E-02  0.25100888E+01  0.67341889E-03
 0.78000000E+00 -0.24000000E+00  0.00000000E+00  0.25041320E+01  0.25145660E+01 -0.93769657E-02  0.25051890E+01  0.10570343E-02
 0.84000000E+00 -0.24000000E+00  0.00000000E+00  0.24993331E+01  0.25121665E+01 -0.93754143E-02  0.25027911E+01  0.34580457E-02
-0.84000000E+00 -0.18000000E+00  0.00000000E+00  0.25004955E+01  0.25127478E+01 -0.96123173E-02  0.25031355E+01  0.26399127E-02
-0.78000000E+00 -0.18000000E+00  0.00000000E+00  0.25055237E+01  0.25152618E+01 -0.86662882E-02  0.25065956E+01  0.10718618E-02
-0.72000000E+00 -0.18000000E+00  0.00000000E+00  0.25110595E+01  0.25180298E+01 -0.57888087E-02  0.25122409E+01  0.11814513E-02
-0.66000000E+00 -0.18000000E+00  0.00000000E+00  0.25170350E+01  0.25210175E+01 -0.35951550E-02  0.25174224E+01  0.38732500E-03
-0.60000000E+00 -0.18000000E+00  0.00000000E+00  0.25233518E+01  0.25241759E+01 -0.52151145E-03  0.25236544E+01  0.30258855E-03
-0.54000000E+00 -0.18000000E+00  0.00000000E+00  0.25298812E+01  0.25274406E+01  0.26197652E-02  0.25300603E+01  0.17918518E-03
-0.48000000E+00 -0.18000000E+00  0.00000000E+00  0.25364672E+01  0.25307336E+01  0.49653874E-02  0.25356990E+01 -0.76821259E-03
-0.42000000E+00 -0.18000000E+00  0.00000000E+00  0.25429318E+01  0.25339659E+01  0.74134723E-02  0.25413793E+01 -0.15524077E-02
-0.36000000E+00 -0.18000000E+00  0.00000000E+00  0.25490818E+01  0.25370409E+01  0.10172830E-01  0.25472137E+01 -0.18680801E-02
-0.30000000E+00 -0.18000000E+00  0.00000000E+00  0.25547186E+01  0.25398593E+01  0.12640469E-01  0.25524998E+01 -0.22188613E-02
-0.24000000E+00 -0.18000000E+00  0.00000000E+00  0.25596482E+01  0.25423241E+01  0.14615445E-01  0.25569395E+01 -0.27086354E-02
-0.18000000E+00 -0.18000000E+00  0.00000000E+00  0.25636920E+01  0.25443460E+01  0.16274410E-01  0.25606204E+01 -0.30716097E-02
-0.12000000E+00 -0.18000000E+00  0.00000000E+00  0.25666983E+01  0.25458491E+01  0.17566162E-01  0.25634153E+01 -0.32829682E-02
-0.60000000E-01 -0.18000000E+00  0.00000000E+00  0.25685507E+01  0.25467753E+01  0.18304725E-01  0.25650801E+01 -0.34706254E-02
 0.00000000E+00 -0.18000000E+00  0.00000000E+00  0.25691765E+01  0.25470882E+01  0.18525732E-01  0.25656140E+01 -0.35624877E-02
 0.60000000E-01 -0.18000000E+00  0.00000000E+00  0.25685507E+01  0.25467753E+01  0.18325939E-01  0.25651013E+01 -0.34494112E-02
 0.12000000E+00 -0.18000000E+00  0.00000000E+00  0.25666983E+01  0.25458491E+01  0.17583302E-01  0.25634324E+01 -0.32658275E-02
 0.18000000E+00 -0.18000000E+00  0.00000000E+00  0.25636920E+01  0.25443460E+01  0.16152893E-01  0.25604989E+01 -0.31931272E-02
 0.24000000E+00 -0.18000000E+00  0.00000000E+00  0.25596482E+01  0.25423241E+01  0.14289581E-01  0.25566137E+01 -0.30344988E-02
 0.30000000E+00 -0.18000000E+00  0.00000000E+00  0.25547186E+01  0.25398593E+01  0.12322253E-01  0.25521816E+01 -0.25370768E-02
 0.36000000E+00 -0.18000000E+00  0.00000000E+00  0.25490818E+01  0.25370409E+01  0.99130332E-02  0.25469539E+01 -0.21278768E-02
 0.42000000E+00 -0.18000000E+00  0.00000000E+00  0.25429318E+01  0.25339659E+01  0.68104826E-02  0.25407764E+01 -0.21553974E-02
 0.48000000E+00 -0.18000000E+00  0.00000000E+00  0.25364672E+01  0.25307336E+01  0.41423586E-02  0.25348759E+01 -0.15912414E-02
 0.54000000E+00 -0.18000000E+00  0.00000000E+00  0.25298812E+01  0.25274406E+01  0.25249236E-02  0.25299655E+01  0.84343571E-04
 0.60000000E+00 -0.18000000E+00  0.00000000E+00  0.25233518E+01  0.25241759E+01  0.99704906E-03  0.25251729E+01  0.18211491E-02
 0.66000000E+00 -0.18000000E+00  0.00000000E+00  0.25170350E+01  0.25210175E+01 -0.16519028E-02  0.25193656E+01  0.23305772E-02
 0.72000000E+00 -0.18000000E+00  0.00000000E+00  0.25110595E+01  0.25180298E+01 -0.61221421E-02  0.25119076E+01  0.84811791E-03
 0.78000000E+00 -0.18000000E+00  0.00000000E+00  0.25055237E+01  0.25152618E+01 -0.89154623E-02  0.25063464E+01  0.82268774E-03
 0.84000000E+00 -0.18000000E+00  0.00000000E+00  0.25004955E+01  0.25127478E+01 -0.91209416E-02  0.25036268E+01  0.31312884E-02
-0.84000000E+00 -0.12000000E+00  0.00000000E+00  0.25013597E+01  0.25131799E+01 -0.94988500E-02  0.25036810E+01  0.23213000E-02
-0.78000000E+00 -0.12000000E+00  0.00000000E+00  0.25065583E+01  0.25157792E+01 -0.84489574E-02  0.25073302E+01  0.77188256E-03
-0.72000000E+00 -0.12000000E+00  0.00000000E+00  0.25122817E+01  0.25186409E+01 -0.51919185E-02  0.25134490E+01  0.11672215E-02
-0.66000000E+00 -0.12000000E+00  0.00000000E+00  0.25184598E+01  0.25217299E+01 -0.24199628E-02  0.25193099E+01  0.85012723E-03
-0.60000000E+00 -0.12000000E+00  0.00000000E+00  0.25249907E+01  0.25249954E+01  0.35609556E-03  0.25253514E+01  0.36075556E-03
-0.54000000E+00 -0.12000000E+00  0.00000000E+00  0.25317414E+01  0.25283707E+01  0.33626160E-02  0.25317333E+01 -0.80740486E-05
-0.48000000E+00 -0.12000000E+00  0.00000000E+00  0.25385506E+01  0.25317753E+01  0.61598675E-02  0.25379352E+01 -0.61545251E-03
-0.42000000E+00 -0.12000000E+00  0.00000000E+00  0.25452343E+01  0.25351172E+01  0.86798613E-02  0.25437970E+01 -0.14372887E-02
-0.36000000E+00 -0.12000000E+00  0.00000000E+00  0.25515928E+01  0.25382964E+01  0.11161240E-01  0.25494577E+01 -0.21351704E-02
-0.30000000E+00 -0.12000000E+00  0.00000000E+00  0.25574207E+01  0.25412104E+01  0.13601361E-01  0.25548117E+01 -0.26089990E-02
-0.24000000E+00 -0.12000000E+00  0.00000000E+00  0.25625173E+01  0.25437587E+01  0.15794056E-01  0.25595527E+01 -0.29646040E-02
-0.18000000E+00 -0.12000000E+00  0.00000000E+00  0.25666983E+01  0.25458491E+01  0.17551466E-01  0.25634006E+01 -0.32976643E-02
-0.12000000E+00 -0.12000000E+00  0.00000000E+00  0.25698064E+01  0.25474032E+01  0.18842347E-01  0.25662455E+01 -0.35608429E-02
-0.60000000E-01 -0.12000000E+00  0.00000000E+00  0.25717216E+01  0.25483608E+01  0.19600388E-01  0.25679612E+01 -0.37604117E-02
 0.00000000E+00 -0.12000000E+00  0.00000000E+00  0.25723686E+01  0.25486843E+01  0.19845124E-01  0.25685294E+01 -0.38391564E-02
 0.60000000E-01 -0.12000000E+00  0.00000000E+00  0.25717216E+01  0.25483608E+01  0.19628036E-01  0.25679888E+01 -0.37327636E-02
 0.12000000E+00 -0.12000000E+00  0.00000000E+00  0.25698064E+01  0.25474032E+01  0.18859494E-01  0.25662627E+01 -0.35436962E-02
 0.18000000E+00 -0.12000000E+00  0.00000000E+00  0.25666983E+01  0.25458491E+01  0.17446863E-01  0.25632960E+01 -0.34022674E-02
 0.24000000E+00 -0.12000000E+00  0.00000000E+00  0.25625173E+01  0.25437587E+01  0.15591655E-01  0.25593503E+01 -0.31670047E-02
 0.30000000E+00 -0.12000000E+00  0.00000000E+00  0.25574207E+01  0.25412104E+01  0.13599333E-01  0.25548097E+01 -0.26110275E-02
 0.36000000E+00 -0.12000000E+00  0.00000000E+00  0.25515928E+01  0.25382964E+01  0.11331656E-01  0.25496281E+01 -0.19647536E-02
 0.42000000E+00 -0.12000000E+00  0.00000000E+00  0.25452343E+01  0.25351172E+01  0.84365090E-02  0.25435537E+01 -0.16806410E-02
 0.48000000E+00 -0.12000000E+00  0.00000000E+00  0.25385506E+01  0.25317753E+01  0.53522622E-02  0.25371276E+01 -0.14230578E-02
 0.54000000E+00 -0.12000000E+00  0.00000000E+00  0.25317414E+01  0.25283707E+01  0.26364786E-02  0.25310072E+01 -0.73421136E-03
 0.60000000E+00 -0.12000000E+00  0.00000000E+00  0.25249907E+01  0.25249954E+01  0.28350478E-03  0.25252789E+01  0.28816478E-03
 0.66000000E+00 -0.12000000E+00  0.00000000E+00  0.25184598E+01  0.25217299E+01 -0.18709947E-02  0.25198589E+01  0.13990953E-02
 0.72000000E+00 -0.12000000E+00  0.00000000E+00  0.25122817E+01  0.25186409E+01 -0.54005996E-02  0.25132403E+01  0.95854043E-03
 0.78000000E+00 -0.12000000E+00  0.00000000E+00  0.25065583E+01  0.25157792E+01 -0.85607447E-02  0.25072184E+01  0.66009534E-03
 0.84000000E+00 -0.12000000E+00  0.00000000E+00  0.25013597E+01  0.25131799E+01 -0.92907383E-02  0.25038891E+01  0.25294117E-02
-0.84000000E+00 -0.60000000E-01  0.00000000E+00  0.25018922E+01  0.25134461E+01 -0.94044052E-02  0.25040417E+01  0.21494848E-02
-0.78000000E+00 -0.60000000E-01  0.00000000E+00  0.25071958E+01  0.25160979E+01 -0.81400782E-02  0.25079578E+01  0.76200177E-03
-0.72000000E+00 -0.60000000E-01  0.00000000E+00  0.25130349E+01  0.25190174E+01 -0.43234585E-02  0.25146940E+01  0.16591015E-02
-0.66000000E+00 -0.60000000E-01  0.00000000E+00  0.25193378E+01  0.25221689E+01 -0.16025785E-02  0.25205663E+01  0.12285315E-02
-0.60000000E+00 -0.60000000E-01  0.00000000E+00  0.25260006E+01  0.25255003E+01  0.23590687E-03  0.25257362E+01 -0.26437313E-03
-0.54000000E+00 -0.60000000E-01  0.00000000E+00  0.25328876E+01  0.25289438E+01  0.29322669E-02  0.25318761E+01 -0.10115431E-02
-0.48000000E+00 -0.60000000E-01  0.00000000E+00  0.25398344E+01  0.25324172E+01  0.63544831E-02  0.25387717E+01 -0.10627269E-02
-0.42000000E+00 -0.60000000E-01  0.00000000E+00  0.25466531E+01  0.25358266E+01  0.92686549E-02  0.25450952E+01 -0.15579051E-02
-0.36000000E+00 -0.60000000E-01  0.00000000E+00  0.25531401E+01  0.25390701E+01  0.11629602E-01  0.25506997E+01 -0.24404484E-02
-0.30000000E+00 -0.60000000E-01  0.00000000E+00  0.25590857E+01  0.25420429E+01  0.13966371E-01  0.25560092E+01 -0.30764992E-02
-0.24000000E+00 -0.60000000E-01  0.00000000E+00  0.25642853E+01  0.25446427E+01  0.16287910E-01  0.25609306E+01 -0.33547399E-02
-0.18000000E+00 -0.60000000E-01  0.00000000E+00  0.25685507E+01  0.25467753E+01  0.18202860E-01  0.25649782E+01 -0.35724896E-02
-0.12000000E+00 -0.60000000E-01  0.00000000E+00  0.25717216E+01  0.25483608E+01  0.19514475E-01  0.25678753E+01 -0.38463250E-02
-0.60000000E-01 -0.60000000E-01  0.00000000E+00  0.25736755E+01  0.25493378E+01  0.20219511E-01  0.25695573E+01 -0.41182486E-02
 0.00000000E+00 -0.60000000E-01  0.00000000E+00  0.25743355E+01  0.25496678E+01  0.20441866E-01  0.25701096E+01 -0.42259041E-02
 0.60000000E-01 -0.60000000E-01  0.00000000E+00  0.25736755E+01  0.25493378E+01  0.20252600E-01  0.25695904E+01 -0.40851598E-02
 0.12000000E+00 -0.60000000E-01  0.00000000E+00  0.25717216E+01  0.25483608E+01  0.19551998E-01  0.25679128E+01 -0.38088015E-02
 0.18000000E+00 -0.60000000E-01  0.00000000E+00  0.25685507E+01  0.25467753E+01  0.18198942E-01  0.25649743E+01 -0.35764083E-02
 0.24000000E+00 -0.60000000E-01  0.00000000E+00  0.25642853E+01  0.25446427E+01  0.16339287E-01  0.25609819E+01 -0.33033632E-02
 0.30000000E+00 -0.60000000E-01  0.00000000E+00  0.25590857E+01  0.25420429E+01  0.14343863E-01  0.25563867E+01 -0.26990075E-02
 0.36000000E+00 -0.60000000E-01  0.00000000E+00  0.25531401E+01  0.25390701E+01  0.12232806E-01  0.25513029E+01 -0.18372443E-02
 0.42000000E+00 -0.60000000E-01  0.00000000E+00  0.25466531E+01  0.25358266E+01  0.95168885E-02  0.25453435E+01 -0.13096715E-02
 0.48000000E+00 -0.60000000E-01  0.00000000E+00  0.25398344E+01  0.25324172E+01  0.59054979E-02  0.25383227E+01 -0.15117121E-02
 0.54000000E+00 -0.60000000E-01  0.00000000E+00  0.25328876E+01  0.25289438E+01  0.20521686E-02  0.25309960E+01 -0.18916414E-02
 0.60000000E+00 -0.60000000E-01  0.00000000E+00  0.25260006E+01  0.25255003E+01 -0.65357379E-03  0.25248467E+01 -0.11538538E-02
 0.66000000E+00 -0.60000000E-01  0.00000000E+00  0.25193378E+01  0.25221689E+01 -0.20869735E-02  0.25200819E+01  0.74413645E-03
 0.72000000E+00 -0.60000000E-01  0.00000000E+00  0.25130349E+01  0.25190174E+01 -0.46113335E-02  0.25144061E+01  0.13712265E-02
 0.78000000E+00 -0.60000000E-01  0.00000000E+00  0.25071958E+01  0.25160979E+01 -0.82225659E-02  0.25078753E+01  0.67951406E-03
 0.84000000E+00 -0.60000000E-01  0.00000000E+00  0.25018922E+01  0.25134461E+01 -0.94674642E-02  0.25039786E+01  0.20864258E-02
-0.84000000E+00  0.00000000E+00  0.00000000E+00  0.25020721E+01  0.25135360E+01 -0.94577924E-02  0.25040783E+01  0.20061576E-02
-0.78000000E+00  0.00000000E+00  0.00000000E+00  0.25074112E+01  0.25162056E+01 -0.81412174E-02  0.25080644E+01  0.65319261E-03
-0.72000000E+00  0.00000000E+00  0.00000000E+00  0.25132893E+01  0.25191446E+01 -0.40452226E-02  0.25150994E+01  0.18101274E-02
-0.66000000E+00  0.00000000E+00  0.00000000E+00  0.25196343E+01  0.25223172E+01 -0.17513700E-02  0.25205658E+01  0.93145995E-03
-0.60000000E+00  0.00000000E+00  0.00000000E+00  0.25263417E+01  0.25256709E+01 -0.48838470E-03  0.25251825E+01 -0.11592347E-02
-0.54000000E+00  0.00000000E+00  0.00000000E+00  0.25332748E+01  0.25291374E+01  0.21729910E-02  0.25313104E+01 -0.19644290E-02
-0.48000000E+00  0.00000000E+00  0.00000000E+00  0.25402681E+01  0.25326340E+01  0.61914900E-02  0.25388255E+01 -0.14425700E-02
-0.42000000E+00  0.00000000E+00  0.00000000E+00  0.25471324E+01  0.25360662E+01  0.96474180E-02  0.25457136E+01 -0.14187820E-02
-0.36000000E+00  0.00000000E+00  0.00000000E+00  0.25536628E+01  0.25393314E+01  0.12088124E-01  0.25514195E+01 -0.22432756E-02
-0.30000000E+00  0.00000000E+00  0.00000000E+00  0.25596482E+01  0.25423241E+01  0.14251856E-01  0.25565759E+01 -0.30722241E-02
-0.24000000E+00  0.00000000E+00  0.00000000E+00  0.25648825E+01  0.25449413E+01  0.16471017E-01  0.25614123E+01 -0.34702427E-02
-0.18000000E+00  0.00000000E+00  0.00000000E+00  0.25691765E+01  0.25470882E+01  0.18442983E-01  0.25655312E+01 -0.36452375E-02
-0.12000000E+00  0.00000000E+00  0.00000000E+00  0.25723686E+01  0.25486843E+01  0.19775927E-01  0.25684602E+01 -0.39083534E-02
-0.60000000E-01  0.00000000E+00  0.00000000E+00  0.25743355E+01  0.25496678E+01  0.20425533E-01  0.25700933E+01 -0.42422374E-02
 0.00000000E+00  0.00000000E+00  0.00000000E+00  0.25750000E+01  0.25500000E+01  0.20606709E-01  0.25706067E+01 -0.43932908E-02
 0.60000000E-01  0.00000000E+00  0.00000000E+00  0.25743355E+01  0.25496678E+01  0.20423858E-01  0.25700916E+01 -0.42439121E-02
 0.12000000E+00  0.00000000E+00  0.00000000E+00  0.25723686E+01  0.25486843E+01  0.19754639E-01  0.25684389E+01 -0.39296407E-02
 0.18000000E+00  0.00000000E+00  0.00000000E+00  0.25691765E+01  0.25470882E+01  0.18425254E-01  0.25655135E+01 -0.36629662E-02
 0.24000000E+00  0.00000000E+00  0.00000000E+00  0.25648825E+01  0.25449413E+01  0.16563406E-01  0.25615047E+01 -0.33778541E-02
 0.30000000E+00  0.00000000E+00  0.00000000E+00  0.25596482E+01  0.25423241E+01  0.14567187E-01  0.25568913E+01 -0.27568931E-02
 0.36000000E+00  0.00000000E+00  0.00000000E+00  0.25536628E+01  0.25393314E+01  0.12517077E-01  0.25518485E+01 -0.18143228E-02
 0.42000000E+00  0.00000000E+00  0.00000000E+00  0.25471324E+01  0.25360662E+01  0.98868334E-02  0.25459530E+01 -0.11793666E-02
 0.48000000E+00  0.00000000E+00  0.00000000E+00  0.25402681E+01  0.25326340E+01  0.60295360E-02  0.25386636E+01 -0.16045240E-02
 0.54000000E+00  0.00000000E+00  0.00000000E+00  0.25332748E+01  0.25291374E+01  0.16946597E-02  0.25308321E+01 -0.24427603E-02
 0.60000000E+00  0.00000000E+00  0.00000000E+00  0.25263417E+01  0.25256709E+01 -0.10311429E-02  0.25246397E+01 -0.17019929E-02
 0.66000000E+00  0.00000000E+00  0.00000000E+00  0.25196343E+01  0.25223172E+01 -0.21367406E-02  0.25201804E+01  0.54608945E-03
 0.72000000E+00  0.00000000E+00  0.00000000E+00  0.25132893E+01  0.25191446E+01 -0.42298419E-02  0.25149148E+01  0.16255081E-02
 0.78000000E+00  0.00000000E+00  0.00000000E+00  0.25074112E+01  0.25162056E+01 -0.81907426E-02  0.25080148E+01  0.60366736E-03
 0.84000000E+00  0.00000000E+00  0.00000000E+00  0.25020721E+01  0.25135360E+01 -0.94633479E-02  0.25040727E+01  0.20006021E-02
-0.84000000E+00  0.60000000E-01  0.00000000E+00  0.25018922E+01  0.25134461E+01 -0.95809713E-02  0.25038651E+01  0.19729187E-02
-0.78000000E+00  0.60000000E-01  0.00000000E+00  0.25071958E+01  0.25160979E+01 -0.82470672E-02  0.25078508E+01  0.65501282E-03
-0.72000000E+00  0.60000000E-01  0.00000000E+00  0.25130349E+01  0.25190174E+01 -0.47132861E-02  0.25143042E+01  0.12692739E-02
-0.66000000E+00  0.60000000E-01  0.00000000E+00  0.25193378E+01  0.25221689E+01 -0.22568274E-02  0.25199121E+01  0.57428265E-03
-0.60000000E+00  0.60000000E-01  0.00000000E+00  0.25260006E+01  0.25255003E+01 -0.75548444E-03  0.25247448E+01 -0.12557644E-02
-0.54000000E+00  0.60000000E-01  0.00000000E+00  0.25328876E+01  0.25289438E+01  0.20696479E-02  0.25310135E+01 -0.18741621E-02
-0.48000000E+00  0.60000000E-01  0.00000000E+00  0.25398344E+01  0.25324172E+01  0.59790922E-02  0.25383963E+01 -0.14381178E-02
-0.42000000E+00  0.60000000E-01  0.00000000E+00  0.25466531E+01  0.25358266E+01  0.95665642E-02  0.25453931E+01 -0.12599958E-02
-0.36000000E+00  0.60000000E-01  0.00000000E+00  0.25531401E+01  0.25390701E+01  0.12230253E-01  0.25513003E+01 -0.18397974E-02
-0.30000000E+00  0.60000000E-01  0.00000000E+00  0.25590857E+01  0.25420429E+01  0.14307527E-01  0.25563504E+01 -0.27353432E-02
-0.24000000E+00  0.60000000E-01  0.00000000E+00  0.25642853E+01  0.25446427E+01  0.16341852E-01  0.25609845E+01 -0.33007980E-02
-0.18000000E+00  0.60000000E-01  0.00000000E+00  0.25685507E+01  0.25467753E+01  0.18270628E-01  0.25650460E+01 -0.35047223E-02
-0.12000000E+00  0.60000000E-01  0.00000000E+00  0.25717216E+01  0.25483608E+01  0.19626306E-01  0.25679871E+01 -0.37344942E-02
-0.60000000E-01  0.60000000E-01  0.00000000E+00  0.25736755E+01  0.25493378E+01  0.20282979E-01  0.25696207E+01 -0.40547808E-02
 0.00000000E+00  0.60000000E-01  0.00000000E+00  0.25743355E+01  0.25496678E+01  0.20464166E-01  0.25701319E+01 -0.42036038E-02
 0.60000000E-01  0.60000000E-01  0.00000000E+00  0.25736755E+01  0.25493378E+01  0.20268372E-01  0.25696061E+01 -0.40693882E-02
 0.12000000E+00  0.60000000E-01  0.00000000E+00  0.25717216E+01  0.25483608E+01  0.19556908E-01  0.25679177E+01 -0.38038924E-02
 0.18000000E+00  0.60000000E-01  0.00000000E+00  0.25685507E+01  0.25467753E+01  0.18192133E-01  0.25649675E+01 -0.35832169E-02
 0.24000000E+00  0.60000000E-01  0.00000000E+00  0.25642853E+01  0.25446427E+01  0.16332530E-01  0.25609752E+01 -0.33101196E-02
 0.30000000E+00  0.60000000E-01  0.00000000E+00  0.25590857E+01  0.25420429E+01  0.14341006E-01  0.25563839E+01 -0.27018641E-02
 0.36000000E+00  0.60000000E-01  0.00000000E+00  0.25531401E+01  0.25390701E+01  0.12230809E-01  0.25513009E+01 -0.18392409E-02
 0.42000000E+00  0.60000000E-01  0.00000000E+00  0.25466531E+01  0.25358266E+01  0.95146357E-02  0.25453412E+01 -0.13119243E-02
 0.48000000E+00  0.60000000E-01  0.00000000E+00  0.25398344E+01  0.25324172E+01  0.59036840E-02  0.25383209E+01 -0.15135260E-02
 0.54000000E+00  0.60000000E-01  0.00000000E+00  0.25328876E+01  0.25289438E+01  0.20513662E-02  0.25309952E+01 -0.18924438E-02
 0.60000000E+00  0.60000000E-01  0.00000000E+00  0.25260006E+01  0.25255003E+01 -0.65342684E-03  0.25248469E+01 -0.11537068E-02
 0.66000000E+00  0.60000000E-01  0.00000000E+00  0.25193378E+01  0.25221689E+01 -0.20864070E-02  0.25200825E+01  0.74470295E-03
 0.72000000E+00  0.60000000E-01  0.00000000E+00  0.25130349E+01  0.25190174E+01 -0.46109357E-02  0.25144065E+01  0.13716243E-02
 0.78000000E+00  0.60000000E-01  0.00000000E+00  0.25071958E+01  0.25160979E+01 -0.82226496E-02  0.25078753E+01  0.67943043E-03
 0.84000000E+00  0.60000000E-01  0.00000000E+00  0.25018922E+01  0.25134461E+01 -0.94679043E-02  0.25039782E+01  0.20859857E-02
-0.84000000E+00  0.12000000E+00  0.00000000E+00  0.25013597E+01  0.25131799E+01 -0.93049849E-02  0.25038749E+01  0.25151651E-02
-0.78000000E+00  0.12000000E+00  0.00000000E+00  0.25065583E+01  0.25157792E+01 -0.85274475E-02  0.25072517E+01  0.69339251E-03
-0.72000000E+00  0.12000000E+00  0.00000000E+00  0.25122817E+01  0.25186409E+01 -0.55728292E-02  0.25130680E+01  0.78631075E-03
-0.66000000E+00  0.12000000E+00  0.00000000E+00  0.25184598E+01  0.25217299E+01 -0.22265595E-02  0.25195034E+01  0.10435305E-02
-0.60000000E+00  0.12000000E+00  0.00000000E+00  0.25249907E+01  0.25249954E+01 -0.39345081E-06  0.25249950E+01  0.42665492E-05
-0.54000000E+00  0.12000000E+00  0.00000000E+00  0.25317414E+01  0.25283707E+01  0.25440562E-02  0.25309147E+01 -0.82663376E-03
-0.48000000E+00  0.12000000E+00  0.00000000E+00  0.25385506E+01  0.25317753E+01  0.54203058E-02  0.25371956E+01 -0.13550142E-02
-0.42000000E+00  0.12000000E+00  0.00000000E+00  0.25452343E+01  0.25351172E+01  0.86082734E-02  0.25437254E+01 -0.15088766E-02
-0.36000000E+00  0.12000000E+00  0.00000000E+00  0.25515928E+01  0.25382964E+01  0.11495065E-01  0.25497915E+01 -0.18013453E-02
-0.30000000E+00  0.12000000E+00  0.00000000E+00  0.25574207E+01  0.25412104E+01  0.13660946E-01  0.25548713E+01 -0.25494136E-02
-0.24000000E+00  0.12000000E+00  0.00000000E+00  0.25625173E+01  0.25437587E+01  0.15609181E-01  0.25593679E+01 -0.31494790E-02
-0.18000000E+00  0.12000000E+00  0.00000000E+00  0.25666983E+01  0.25458491E+01  0.17492558E-01  0.25633417E+01 -0.33565716E-02
-0.12000000E+00  0.12000000E+00  0.00000000E+00  0.25698064E+01  0.25474032E+01  0.18891196E-01  0.25662944E+01 -0.35119936E-02
-0.60000000E-01  0.12000000E+00  0.00000000E+00  0.25717216E+01  0.25483608E+01  0.19614894E-01  0.25679757E+01 -0.37459062E-02
 0.00000000E+00  0.12000000E+00  0.00000000E+00  0.25723686E+01  0.25486843E+01  0.19843018E-01  0.25685273E+01 -0.38412620E-02
 0.60000000E-01  0.12000000E+00  0.00000000E+00  0.25717216E+01  0.25483608E+01  0.19646239E-01  0.25680070E+01 -0.37145614E-02
 0.12000000E+00  0.12000000E+00  0.00000000E+00  0.25698064E+01  0.25474032E+01  0.18872633E-01  0.25662758E+01 -0.35305566E-02
 0.18000000E+00  0.12000000E+00  0.00000000E+00  0.25666983E+01  0.25458491E+01  0.17443221E-01  0.25632924E+01 -0.34059087E-02
 0.24000000E+00  0.12000000E+00  0.00000000E+00  0.25625173E+01  0.25437587E+01  0.15587408E-01  0.25593461E+01 -0.31712522E-02
 0.30000000E+00  0.12000000E+00  0.00000000E+00  0.25574207E+01  0.25412104E+01  0.13600173E-01  0.25548105E+01 -0.26101872E-02
 0.36000000E+00  0.12000000E+00  0.00000000E+00  0.25515928E+01  0.25382964E+01  0.11332297E-01  0.25496287E+01 -0.19641135E-02
 0.42000000E+00  0.12000000E+00  0.00000000E+00  0.25452343E+01  0.25351172E+01  0.84350541E-02  0.25435522E+01 -0.16820959E-02
 0.48000000E+00  0.12000000E+00  0.00000000E+00  0.25385506E+01  0.25317753E+01  0.53502557E-02  0.25371256E+01 -0.14250643E-02
 0.54000000E+00  0.12000000E+00  0.00000000E+00  0.25317414E+01  0.25283707E+01  0.26351684E-02  0.25310058E+01 -0.73552163E-03
 0.60000000E+00  0.12000000E+00  0.00000000E+00  0.25249907E+01  0.25249954E+01  0.28330356E-03  0.25252787E+01  0.28796356E-03
 0.66000000E+00  0.12000000E+00  0.00000000E+00  0.25184598E+01  0.25217299E+01 -0.18704784E-02  0.25198594E+01  0.13996116E-02
 0.72000000E+00  0.12000000E+00  0.00000000E+00  0.25122817E+01  0.25186409E+01 -0.54001931E-02  0.25132407E+01  0.95894686E-03
 0.78000000E+00  0.12000000E+00  0.00000000E+00  0.25065583E+01  0.25157792E+01 -0.85607996E-02  0.25072184E+01  0.66004044E-03
 0.84000000E+00  0.12000000E+00  0.00000000E+00  0.25013597E+01  0.25131799E+01 -0.92911372E-02  0.25038887E+01  0.25290128E-02
-0.84000000E+00  0.18000000E+00  0.00000000E+00  0.25004955E+01  0.25127478E+01 -0.90143486E-02  0.25037334E+01  0.32378814E-02
-0.78000000E+00  0.18000000E+00  0.00000000E+00  0.25055237E+01  0.25152618E+01 -0.88191070E-02  0.25064427E+01  0.91904296E-03
-0.72000000E+00  0.18000000E+00  0.00000000E+00  0.25110595E+01  0.25180298E+01 -0.62214641E-02  0.25118083E+01  0.74879593E-03
-0.66000000E+00  0.18000000E+00  0.00000000E+00  0.25170350E+01  0.25210175E+01 -0.19251439E-02  0.25190924E+01  0.20573361E-02
-0.60000000E+00  0.18000000E+00  0.00000000E+00  0.25233518E+01  0.25241759E+01  0.79831735E-03  0.25249742E+01  0.16224174E-02
-0.54000000E+00  0.18000000E+00  0.00000000E+00  0.25298812E+01  0.25274406E+01  0.24695193E-02  0.25299101E+01  0.28939303E-04
-0.48000000E+00  0.18000000E+00  0.00000000E+00  0.25364672E+01  0.25307336E+01  0.41926904E-02  0.25349263E+01 -0.15409096E-02
-0.42000000E+00  0.18000000E+00  0.00000000E+00  0.25429318E+01  0.25339659E+01  0.69308307E-02  0.25408967E+01 -0.20350493E-02
-0.36000000E+00  0.18000000E+00  0.00000000E+00  0.25490818E+01  0.25370409E+01  0.10017300E-01  0.25470582E+01 -0.20236103E-02
-0.30000000E+00  0.18000000E+00  0.00000000E+00  0.25547186E+01  0.25398593E+01  0.12340127E-01  0.25521994E+01 -0.25192035E-02
-0.24000000E+00  0.18000000E+00  0.00000000E+00  0.25596482E+01  0.25423241E+01  0.14266842E-01  0.25565909E+01 -0.30572380E-02
-0.18000000E+00  0.18000000E+00  0.00000000E+00  0.25636920E+01  0.25443460E+01  0.16140292E-01  0.25604863E+01 -0.32057278E-02
-0.12000000E+00  0.18000000E+00  0.00000000E+00  0.25666983E+01  0.25458491E+01  0.17554994E-01  0.25634041E+01 -0.32941362E-02
-0.60000000E-01  0.18000000E+00  0.00000000E+00  0.25685507E+01  0.25467753E+01  0.18269619E-01  0.25650450E+01 -0.35057311E-02
 0.00000000E+00  0.18000000E+00  0.00000000E+00  0.25691765E+01  0.25470882E+01  0.18491027E-01  0.25655793E+01 -0.35971927E-02
 0.60000000E-01  0.18000000E+00  0.00000000E+00  0.25685507E+01  0.25467753E+01  0.18324108E-01  0.25650995E+01 -0.34512424E-02
 0.12000000E+00  0.18000000E+00  0.00000000E+00  0.25666983E+01  0.25458491E+01  0.17582768E-01  0.25634319E+01 -0.32663616E-02
 0.18000000E+00  0.18000000E+00  0.00000000E+00  0.25636920E+01  0.25443460E+01  0.16142795E-01  0.25604888E+01 -0.32032253E-02
 0.24000000E+00  0.18000000E+00  0.00000000E+00  0.25596482E+01  0.25423241E+01  0.14288396E-01  0.25566125E+01 -0.30356840E-02
 0.30000000E+00  0.18000000E+00  0.00000000E+00  0.25547186E+01  0.25398593E+01  0.12330651E-01  0.25521900E+01 -0.25286791E-02
 0.36000000E+00  0.18000000E+00  0.00000000E+00  0.25490818E+01  0.25370409E+01  0.99197150E-02  0.25469606E+01 -0.21211950E-02
 0.42000000E+00  0.18000000E+00  0.00000000E+00  0.25429318E+01  0.25339659E+01  0.68119129E-02  0.25407778E+01 -0.21539671E-02
 0.48000000E+00  0.18000000E+00  0.00000000E+00  0.25364672E+01  0.25307336E+01  0.41413395E-02  0.25348749E+01 -0.15922605E-02
 0.54000000E+00  0.18000000E+00  0.00000000E+00  0.25298812E+01  0.25274406E+01  0.25236731E-02  0.25299643E+01  0.83093114E-04
 0.60000000E+00  0.18000000E+00  0.00000000E+00  0.25233518E+01  0.25241759E+01  0.99647306E-03  0.25251724E+01  0.18205731E-02
 0.66000000E+00  0.18000000E+00  0.00000000E+00  0.25170350E+01  0.25210175E+01 -0.16517378E-02  0.25193658E+01  0.23307422E-02
 0.72000000E+00  0.18000000E+00  0.00000000E+00  0.25110595E+01  0.25180298E+01 -0.61219323E-02  0.25119078E+01  0.84832770E-03
 0.78000000E+00  0.18000000E+00  0.00000000E+00  0.25055237E+01  0.25152618E+01 -0.89155323E-02  0.25063463E+01  0.82261772E-03
 0.84000000E+00  0.18000000E+00  0.00000000E+00  0.25004955E+01  0.25127478E+01 -0.91211886E-02  0.25036266E+01  0.31310414E-02
-0.84000000E+00  0.24000000E+00  0.00000000E+00  0.24993331E+01  0.25121665E+01 -0.92782516E-02  0.25028883E+01  0.35552084E-02
-0.78000000E+00  0.24000000E+00  0.00000000E+00  0.25041320E+01  0.25145660E+01 -0.92963350E-02  0.25052697E+01  0.11376650E-02
-0.72000000E+00  0.24000000E+00  0.00000000E+00  0.25094154E+01  0.25172077E+01 -0.71427988E-02  0.25100649E+01  0.64951123E-03
-0.66000000E+00  0.24000000E+00  0.00000000E+00  0.25151185E+01  0.25200592E+01 -0.24762177E-02  0.25175830E+01  0.24645523E-02
-0.60000000E+00  0.24000000E+00  0.00000000E+00  0.25211472E+01  0.25230736E+01  0.18101986E-03  0.25232546E+01  0.21073999E-02
-0.54000000E+00  0.24000000E+00  0.00000000E+00  0.25273789E+01  0.25261894E+01  0.11201459E-02  0.25273096E+01 -0.69294141E-04
-0.48000000E+00  0.24000000E+00  0.00000000E+00  0.25336646E+01  0.25293323E+01  0.24847230E-02  0.25318170E+01 -0.18475870E-02
-0.42000000E+00  0.24000000E+00  0.00000000E+00  0.25398344E+01  0.25324172E+01  0.53969201E-02  0.25378141E+01 -0.20202899E-02
-0.36000000E+00  0.24000000E+00  0.00000000E+00  0.25457041E+01  0.25353521E+01  0.86791556E-02  0.25440312E+01 -0.16728944E-02
-0.30000000E+00  0.24000000E+00  0.00000000E+00  0.25510839E+01  0.25380420E+01  0.10891593E-01  0.25489336E+01 -0.21503571E-02
-0.24000000E+00  0.24000000E+00  0.00000000E+00  0.25557887E+01  0.25403943E+01  0.12683730E-01  0.25530781E+01 -0.27106101E-02
-0.18000000E+00  0.24000000E+00  0.00000000E+00  0.25596482E+01  0.25423241E+01  0.14488376E-01  0.25568125E+01 -0.28357042E-02
-0.12000000E+00  0.24000000E+00  0.00000000E+00  0.25625173E+01  0.25437587E+01  0.15770598E-01  0.25595293E+01 -0.29880615E-02
-0.60000000E-01  0.24000000E+00  0.00000000E+00  0.25642853E+01  0.25446427E+01  0.16294051E-01  0.25609367E+01 -0.33485993E-02
 0.00000000E+00  0.24000000E+00  0.00000000E+00  0.25648825E+01  0.25449413E+01  0.16407540E-01  0.25613488E+01 -0.35337197E-02
 0.60000000E-01  0.24000000E+00  0.00000000E+00  0.25642853E+01  0.25446427E+01  0.16313576E-01  0.25609562E+01 -0.33290741E-02
 0.12000000E+00  0.24000000E+00  0.00000000E+00  0.25625173E+01  0.25437587E+01  0.15768004E-01  0.25595267E+01 -0.29906564E-02
 0.18000000E+00  0.24000000E+00  0.00000000E+00  0.25596482E+01  0.25423241E+01  0.14482168E-01  0.25568063E+01 -0.28419121E-02
 0.24000000E+00  0.24000000E+00  0.00000000E+00  0.25557887E+01  0.25403943E+01  0.12714025E-01  0.25531084E+01 -0.26803151E-02
 0.30000000E+00  0.24000000E+00  0.00000000E+00  0.25510839E+01  0.25380420E+01  0.10927813E-01  0.25489698E+01 -0.21141367E-02
 0.36000000E+00  0.24000000E+00  0.00000000E+00  0.25457041E+01  0.25353521E+01  0.86713361E-02  0.25440234E+01 -0.16807139E-02
 0.42000000E+00  0.24000000E+00  0.00000000E+00  0.25398344E+01  0.25324172E+01  0.53531188E-02  0.25377703E+01 -0.20640912E-02
 0.48000000E+00  0.24000000E+00  0.00000000E+00  0.25336646E+01  0.25293323E+01  0.24459901E-02  0.25317783E+01 -0.18863199E-02
 0.54000000E+00  0.24000000E+00  0.00000000E+00  0.25273789E+01  0.25261894E+01  0.11200818E-02  0.25273095E+01 -0.69358173E-04
 0.60000000E+00  0.24000000E+00  0.00000000E+00  0.25211472E+01  0.25230736E+01  0.25161637E-03  0.25233252E+01  0.21779964E-02
 0.66000000E+00  0.24000000E+00  0.00000000E+00  0.25151185E+01  0.25200592E+01 -0.23582192E-02  0.25177010E+01  0.25825508E-02
 0.72000000E+00  0.24000000E+00  0.00000000E+00  0.25094154E+01  0.25172077E+01 -0.71187325E-02  0.25100890E+01  0.67357746E-03
 0.78000000E+00  0.24000000E+00  0.00000000E+00  0.25041320E+01  0.25145660E+01 -0.93768918E-02  0.25051891E+01  0.10571082E-02
 0.84000000E+00  0.24000000E+00  0.00000000E+00  0.24993331E+01  0.25121665E+01 -0.93753710E-02  0.25027912E+01  0.34580890E-02
-0.84000000E+00  0.30000000E+00  0.00000000E+00  0.24979160E+01  0.25114580E+01 -0.10191880E-01  0.25012661E+01  0.33501098E-02
-0.78000000E+00  0.30000000E+00  0.00000000E+00  0.25024355E+01  0.25137177E+01 -0.10458850E-01  0.25032589E+01  0.82341965E-03
-0.72000000E+00  0.30000000E+00  0.00000000E+00  0.25074112E+01  0.25162056E+01 -0.87858664E-02  0.25074197E+01  0.85435652E-05
-0.66000000E+00  0.30000000E+00  0.00000000E+00  0.25127822E+01  0.25188911E+01 -0.45413224E-02  0.25143498E+01  0.15676076E-02
-0.60000000E+00  0.30000000E+00  0.00000000E+00  0.25184598E+01  0.25217299E+01 -0.19323496E-02  0.25197976E+01  0.13377404E-02
-0.54000000E+00  0.30000000E+00  0.00000000E+00  0.25243286E+01  0.25246643E+01 -0.65770965E-03  0.25240066E+01 -0.32198965E-03
-0.48000000E+00  0.30000000E+00  0.00000000E+00  0.25302483E+01  0.25276241E+01  0.14899001E-02  0.25291140E+01 -0.11342299E-02
-0.42000000E+00  0.30000000E+00  0.00000000E+00  0.25360588E+01  0.25305294E+01  0.48664520E-02  0.25353958E+01 -0.66292801E-03
-0.36000000E+00  0.30000000E+00  0.00000000E+00  0.25415866E+01  0.25332933E+01  0.77537884E-02  0.25410471E+01 -0.53951156E-03
-0.30000000E+00  0.30000000E+00  0.00000000E+00  0.25466531E+01  0.25358266E+01  0.94587001E-02  0.25452853E+01 -0.13678599E-02
-0.24000000E+00  0.30000000E+00  0.00000000E+00  0.25510839E+01  0.25380420E+01  0.10984937E-01  0.25490269E+01 -0.20570129E-02
-0.18000000E+00  0.30000000E+00  0.00000000E+00  0.25547186E+01  0.25398593E+01  0.12619960E-01  0.25524793E+01 -0.22393701E-02
-0.12000000E+00  0.30000000E+00  0.00000000E+00  0.25574207E+01  0.25412104E+01  0.13660403E-01  0.25548708E+01 -0.25499573E-02
-0.60000000E-01  0.30000000E+00  0.00000000E+00  0.25590857E+01  0.25420429E+01  0.13966922E-01  0.25560098E+01 -0.30759484E-02
 0.00000000E+00  0.30000000E+00  0.00000000E+00  0.25596482E+01  0.25423241E+01  0.13989140E-01  0.25563132E+01 -0.33349403E-02
 0.60000000E-01  0.30000000E+00  0.00000000E+00  0.25590857E+01  0.25420429E+01  0.13961804E-01  0.25560047E+01 -0.30810656E-02
 0.12000000E+00  0.30000000E+00  0.00000000E+00  0.25574207E+01  0.25412104E+01  0.13632194E-01  0.25548426E+01 -0.25781663E-02
 0.18000000E+00  0.30000000E+00  0.00000000E+00  0.25547186E+01  0.25398593E+01  0.12593968E-01  0.25524533E+01 -0.22653619E-02
 0.24000000E+00  0.30000000E+00  0.00000000E+00  0.25510839E+01  0.25380420E+01  0.11000772E-01  0.25490427E+01 -0.20411776E-02
 0.30000000E+00  0.30000000E+00  0.00000000E+00  0.25466531E+01  0.25358266E+01  0.95015313E-02  0.25453281E+01 -0.13250287E-02
 0.36000000E+00  0.30000000E+00  0.00000000E+00  0.25415866E+01  0.25332933E+01  0.77836046E-02  0.25410769E+01 -0.50969541E-03
 0.42000000E+00  0.30000000E+00  0.00000000E+00  0.25360588E+01  0.25305294E+01  0.48633323E-02  0.25353927E+01 -0.66604768E-03
 0.48000000E+00  0.30000000E+00  0.00000000E+00  0.25302483E+01  0.25276241E+01  0.14595483E-02  0.25290837E+01 -0.11645817E-02
 0.54000000E+00  0.30000000E+00  0.00000000E+00  0.25243286E+01  0.25246643E+01 -0.68836293E-03  0.25239759E+01 -0.35264293E-03
 0.60000000E+00  0.30000000E+00  0.00000000E+00  0.25184598E+01  0.25217299E+01 -0.19362289E-02  0.25197937E+01  0.13338611E-02
 0.66000000E+00  0.30000000E+00  0.00000000E+00  0.25127822E+01  0.25188911E+01 -0.45205772E-02  0.25143705E+01  0.15883528E-02
 0.72000000E+00  0.30000000E+00  0.00000000E+00  0.25074112E+01  0.25162056E+01 -0.87673363E-02  0.25074383E+01  0.27073677E-04
 0.78000000E+00  0.30000000E+00  0.00000000E+00  0.25024355E+01  0.25137177E+01 -0.10441464E-01  0.25032763E+01  0.84080588E-03
 0.84000000E+00  0.30000000E+00  0.00000000E+00  0.24979160E+01  0.25114580E+01 -0.10171115E-01  0.25012869E+01  0.33708752E-02
-0.78000000E+00  0.36000000E+00  0.00000000E+00  0.25004955E+01  0.25127478E+01 -0.10378344E-01  0.25023694E+01  0.18738861E-02
-0.72000000E+00  0.36000000E+00  0.00000000E+00  0.25051194E+01  0.25150597E+01 -0.92501108E-02  0.25058096E+01  0.69017921E-03
-0.66000000E+00  0.36000000E+00  0.00000000E+00  0.25101106E+01  0.25175553E+01 -0.63679113E-02  0.25111874E+01  0.10767787E-02
-0.60000000E+00  0.36000000E+00  0.00000000E+00  0.25153868E+01  0.25201934E+01 -0.40412230E-02  0.25161522E+01  0.76536703E-03
-0.54000000E+00  0.36000000E+00  0.00000000E+00  0.25208406E+01  0.25229203E+01 -0.22703988E-02  0.25206499E+01 -0.19069876E-03
-0.48000000E+00  0.36000000E+00  0.00000000E+00  0.25263417E+01  0.25256709E+01  0.65961373E-03  0.25263305E+01 -0.11236272E-04
-0.42000000E+00  0.36000000E+00  0.00000000E+00  0.25317414E+01  0.25283707E+01  0.37158808E-02  0.25320866E+01  0.34519079E-03
-0.36000000E+00  0.36000000E+00  0.00000000E+00  0.25368783E+01  0.25309392E+01  0.56353470E-02  0.25365745E+01 -0.30382302E-03
-0.30000000E+00  0.36000000E+00  0.00000000E+00  0.25415866E+01  0.25332933E+01  0.69314022E-02  0.25402247E+01 -0.13618978E-02
-0.24000000E+00  0.36000000E+00  0.00000000E+00  0.25457041E+01  0.25353521E+01  0.85197755E-02  0.25438718E+01 -0.18322745E-02
-0.18000000E+00  0.36000000E+00  0.00000000E+00  0.25490818E+01  0.25370409E+01  0.10278082E-01  0.25473190E+01 -0.17628279E-02
-0.12000000E+00  0.36000000E+00  0.00000000E+00  0.25515928E+01  0.25382964E+01  0.11344503E-01  0.25496409E+01 -0.19519073E-02
-0.60000000E-01  0.36000000E+00  0.00000000E+00  0.25531401E+01  0.25390701E+01  0.11678473E-01  0.25507485E+01 -0.23915767E-02
 0.00000000E+00  0.36000000E+00  0.00000000E+00  0.25536628E+01  0.25393314E+01  0.11726837E-01  0.25510582E+01 -0.26045632E-02
 0.60000000E-01  0.36000000E+00  0.00000000E+00  0.25531401E+01  0.25390701E+01  0.11683101E-01  0.25507532E+01 -0.23869491E-02
 0.12000000E+00  0.36000000E+00  0.00000000E+00  0.25515928E+01  0.25382964E+01  0.11334968E-01  0.25496314E+01 -0.19614418E-02
 0.18000000E+00  0.36000000E+00  0.00000000E+00  0.25490818E+01  0.25370409E+01  0.10262676E-01  0.25473036E+01 -0.17782338E-02
 0.24000000E+00  0.36000000E+00  0.00000000E+00  0.25457041E+01  0.25353521E+01  0.85265377E-02  0.25438786E+01 -0.18255123E-02
 0.30000000E+00  0.36000000E+00  0.00000000E+00  0.25415866E+01  0.25332933E+01  0.69591977E-02  0.25402525E+01 -0.13341023E-02
 0.36000000E+00  0.36000000E+00  0.00000000E+00  0.25368783E+01  0.25309392E+01  0.56614206E-02  0.25366006E+01 -0.27774941E-03
 0.42000000E+00  0.36000000E+00  0.00000000E+00  0.25317414E+01  0.25283707E+01  0.37236579E-02  0.25320943E+01  0.35296791E-03
 0.48000000E+00  0.36000000E+00  0.00000000E+00  0.25263417E+01  0.25256709E+01  0.64485723E-03  0.25263157E+01 -0.25992770E-04
 0.54000000E+00  0.36000000E+00  0.00000000E+00  0.25208406E+01  0.25229203E+01 -0.22923735E-02  0.25206279E+01 -0.21267354E-03
 0.60000000E+00  0.36000000E+00  0.00000000E+00  0.25153868E+01  0.25201934E+01 -0.40543257E-02  0.25161391E+01  0.75226428E-03
 0.66000000E+00  0.36000000E+00  0.00000000E+00  0.25101106E+01  0.25175553E+01 -0.63767565E-02  0.25111786E+01  0.10679335E-02
 0.72000000E+00  0.36000000E+00  0.00000000E+00  0.25051194E+01  0.25150597E+01 -0.92503922E-02  0.25058093E+01  0.68989779E-03
 0.78000000E+00  0.36000000E+00  0.00000000E+00  0.25004955E+01  0.25127478E+01 -0.10338503E-01  0.25024093E+01  0.19137268E-02
-0.78000000E+00  0.42000000E+00  0.00000000E+00  0.24983790E+01  0.25116895E+01 -0.96602592E-02  0.25020292E+01  0.36502508E-02
-0.72000000E+00  0.42000000E+00  0.00000000E+00  0.25026190E+01  0.25138095E+01 -0.93510600E-02  0.25044584E+01  0.18394400E-02
-0.66000000E+00  0.42000000E+00  0.00000000E+00  0.25071958E+01  0.25160979E+01 -0.73148049E-02  0.25087831E+01  0.15872751E-02
-0.60000000E+00  0.42000000E+00  0.00000000E+00  0.25120340E+01  0.25185170E+01 -0.52321715E-02  0.25132848E+01  0.12508185E-02
-0.54000000E+00  0.42000000E+00  0.00000000E+00  0.25170350E+01  0.25210175E+01 -0.39050515E-02  0.25171125E+01  0.77428538E-04
-0.48000000E+00  0.42000000E+00  0.00000000E+00  0.25220795E+01  0.25235397E+01 -0.13378337E-02  0.25222019E+01  0.12243630E-03
-0.42000000E+00  0.42000000E+00  0.00000000E+00  0.25270309E+01  0.25260154E+01  0.95345708E-03  0.25269689E+01 -0.61962922E-04
-0.36000000E+00  0.42000000E+00  0.00000000E+00  0.25317414E+01  0.25283707E+01  0.21338202E-02  0.25305045E+01 -0.12368698E-02
-0.30000000E+00  0.42000000E+00  0.00000000E+00  0.25360588E+01  0.25305294E+01  0.33318975E-02  0.25338613E+01 -0.21974825E-02
-0.24000000E+00  0.42000000E+00  0.00000000E+00  0.25398344E+01  0.25324172E+01  0.53251405E-02  0.25377424E+01 -0.20920695E-02
-0.18000000E+00  0.42000000E+00  0.00000000E+00  0.25429318E+01  0.25339659E+01  0.75262576E-02  0.25414921E+01 -0.14396224E-02
-0.12000000E+00  0.42000000E+00  0.00000000E+00  0.25452343E+01  0.25351172E+01  0.88471220E-02  0.25439643E+01 -0.12700280E-02
-0.60000000E-01  0.42000000E+00  0.00000000E+00  0.25466531E+01  0.25358266E+01  0.93320055E-02  0.25451586E+01 -0.14945545E-02
 0.00000000E+00  0.42000000E+00  0.00000000E+00  0.25471324E+01  0.25360662E+01  0.94360939E-02  0.25455023E+01 -0.16301061E-02
 0.60000000E-01  0.42000000E+00  0.00000000E+00  0.25466531E+01  0.25358266E+01  0.93445920E-02  0.25451712E+01 -0.14819680E-02
 0.12000000E+00  0.42000000E+00  0.00000000E+00  0.25452343E+01  0.25351172E+01  0.88539911E-02  0.25439711E+01 -0.12631589E-02
 0.18000000E+00  0.42000000E+00  0.00000000E+00  0.25429318E+01  0.25339659E+01  0.75243309E-02  0.25414902E+01 -0.14415491E-02
 0.24000000E+00  0.42000000E+00  0.00000000E+00  0.25398344E+01  0.25324172E+01  0.53271463E-02  0.25377444E+01 -0.20900637E-02
 0.30000000E+00  0.42000000E+00  0.00000000E+00  0.25360588E+01  0.25305294E+01  0.33391578E-02  0.25338685E+01 -0.21902222E-02
 0.36000000E+00  0.42000000E+00  0.00000000E+00  0.25317414E+01  0.25283707E+01  0.21379772E-02  0.25305087E+01 -0.12327128E-02
 0.42000000E+00  0.42000000E+00  0.00000000E+00  0.25270309E+01  0.25260154E+01  0.95129863E-03  0.25269667E+01 -0.64121372E-04
 0.48000000E+00  0.42000000E+00  0.00000000E+00  0.25220795E+01  0.25235397E+01 -0.13416937E-02  0.25221980E+01  0.11857634E-03
 0.54000000E+00  0.42000000E+00  0.00000000E+00  0.25170350E+01  0.25210175E+01 -0.39050742E-02  0.25171124E+01  0.77405845E-04
 0.60000000E+00  0.42000000E+00  0.00000000E+00  0.25120340E+01  0.25185170E+01 -0.52331568E-02  0.25132839E+01  0.12498332E-02
 0.66000000E+00  0.42000000E+00  0.00000000E+00  0.25071958E+01  0.25160979E+01 -0.73273659E-02  0.25087705E+01  0.15747141E-02
 0.72000000E+00  0.42000000E+00  0.00000000E+00  0.25026190E+01  0.25138095E+01 -0.93696222E-02  0.25044399E+01  0.18208778E-02
 0.78000000E+00  0.42000000E+00  0.00000000E+00  0.24983790E+01  0.25116895E+01 -0.96513240E-02  0.25020382E+01  0.36591860E-02
-0.72000000E+00  0.48000000E+00  0.00000000E+00  0.24999907E+01  0.25124954E+01 -0.10262215E-01  0.25022331E+01  0.22424452E-02
-0.66000000E+00  0.48000000E+00  0.00000000E+00  0.25041320E+01  0.25145660E+01 -0.86885565E-02  0.25058774E+01  0.17454435E-02
-0.60000000E+00  0.48000000E+00  0.00000000E+00  0.25085098E+01  0.25167549E+01 -0.63248899E-02  0.25104300E+01  0.19202301E-02
-0.54000000E+00  0.48000000E+00  0.00000000E+00  0.25130349E+01  0.25190174E+01 -0.50872653E-02  0.25139302E+01  0.89529472E-03
-0.48000000E+00  0.48000000E+00  0.00000000E+00  0.25175993E+01  0.25212996E+01 -0.30576574E-02  0.25182420E+01  0.64271258E-03
-0.42000000E+00  0.48000000E+00  0.00000000E+00  0.25220795E+01  0.25235397E+01 -0.10487744E-02  0.25224910E+01  0.41149561E-03
-0.36000000E+00  0.48000000E+00  0.00000000E+00  0.25263417E+01  0.25256709E+01 -0.18429840E-04  0.25256524E+01 -0.68927984E-03
-0.30000000E+00  0.48000000E+00  0.00000000E+00  0.25302483E+01  0.25276241E+01  0.10784474E-02  0.25287026E+01 -0.15456826E-02
-0.24000000E+00  0.48000000E+00  0.00000000E+00  0.25336646E+01  0.25293323E+01  0.29153230E-02  0.25322476E+01 -0.14169870E-02
-0.18000000E+00  0.48000000E+00  0.00000000E+00  0.25364672E+01  0.25307336E+01  0.50109227E-02  0.25357445E+01 -0.72267728E-03
-0.12000000E+00  0.48000000E+00  0.00000000E+00  0.25385506E+01  0.25317753E+01  0.61513316E-02  0.25379266E+01 -0.62398843E-03
-0.60000000E-01  0.48000000E+00  0.00000000E+00  0.25398344E+01  0.25324172E+01  0.63322834E-02  0.25387495E+01 -0.10849266E-02
 0.00000000E+00  0.48000000E+00  0.00000000E+00  0.25402681E+01  0.25326340E+01  0.62600210E-02  0.25388941E+01 -0.13740390E-02
 0.60000000E-01  0.48000000E+00  0.00000000E+00  0.25398344E+01  0.25324172E+01  0.63387841E-02  0.25387560E+01 -0.10784259E-02
 0.12000000E+00  0.48000000E+00  0.00000000E+00  0.25385506E+01  0.25317753E+01  0.61537379E-02  0.25379290E+01 -0.62158206E-03
 0.18000000E+00  0.48000000E+00  0.00000000E+00  0.25364672E+01  0.25307336E+01  0.50085611E-02  0.25357422E+01 -0.72503891E-03
 0.24000000E+00  0.48000000E+00  0.00000000E+00  0.25336646E+01  0.25293323E+01  0.29148891E-02  0.25322472E+01 -0.14174209E-02
 0.30000000E+00  0.48000000E+00  0.00000000E+00  0.25302483E+01  0.25276241E+01  0.10774549E-02  0.25287016E+01 -0.15466751E-02
 0.36000000E+00  0.48000000E+00  0.00000000E+00  0.25263417E+01  0.25256709E+01 -0.25802384E-04  0.25256451E+01 -0.69665238E-03
 0.42000000E+00  0.48000000E+00  0.00000000E+00  0.25220795E+01  0.25235397E+01 -0.10582972E-02  0.25224814E+01  0.40197276E-03
 0.48000000E+00  0.48000000E+00  0.00000000E+00  0.25175993E+01  0.25212996E+01 -0.30566466E-02  0.25182430E+01  0.64372342E-03
 0.54000000E+00  0.48000000E+00  0.00000000E+00  0.25130349E+01  0.25190174E+01 -0.50759909E-02  0.25139414E+01  0.90656914E-03
 0.60000000E+00  0.48000000E+00  0.00000000E+00  0.25085098E+01  0.25167549E+01 -0.63177285E-02  0.25104372E+01  0.19273915E-02
 0.66000000E+00  0.48000000E+00  0.00000000E+00  0.25041320E+01  0.25145660E+01 -0.86903809E-02  0.25058756E+01  0.17436191E-02
 0.72000000E+00  0.48000000E+00  0.00000000E+00  0.24999907E+01  0.25124954E+01 -0.10266994E-01  0.25022284E+01  0.22376662E-02
-0.66000000E+00  0.54000000E+00  0.00000000E+00  0.25010106E+01  0.25130053E+01 -0.10770399E-01  0.25022349E+01  0.12243111E-02
-0.60000000E+00  0.54000000E+00  0.00000000E+00  0.25049193E+01  0.25149597E+01 -0.85845601E-02  0.25063751E+01  0.14557999E-02
-0.54000000E+00  0.54000000E+00  0.00000000E+00  0.25089596E+01  0.25169798E+01 -0.68328923E-02  0.25101469E+01  0.11873377E-02
-0.48000000E+00  0.54000000E+00  0.00000000E+00  0.25130349E+01  0.25190174E+01 -0.44418855E-02  0.25145756E+01  0.15406745E-02
-0.42000000E+00  0.54000000E+00  0.00000000E+00  0.25170350E+01  0.25210175E+01 -0.20093103E-02  0.25190082E+01  0.19731697E-02
-0.36000000E+00  0.54000000E+00  0.00000000E+00  0.25208406E+01  0.25229203E+01 -0.80958597E-03  0.25221107E+01  0.12701140E-02
-0.30000000E+00  0.54000000E+00  0.00000000E+00  0.25243286E+01  0.25246643E+01 -0.68805998E-04  0.25245955E+01  0.26691400E-03
-0.24000000E+00  0.54000000E+00  0.00000000E+00  0.25273789E+01  0.25261894E+01  0.11077608E-02  0.25272972E+01 -0.81679163E-04
-0.18000000E+00  0.54000000E+00  0.00000000E+00  0.25298812E+01  0.25274406E+01  0.25877813E-02  0.25300284E+01  0.14720127E-03
-0.12000000E+00  0.54000000E+00  0.00000000E+00  0.25317414E+01  0.25283707E+01  0.31264642E-02  0.25314971E+01 -0.24422580E-03
-0.60000000E-01  0.54000000E+00  0.00000000E+00  0.25328876E+01  0.25289438E+01  0.27317456E-02  0.25316756E+01 -0.12120644E-02
 0.00000000E+00  0.54000000E+00  0.00000000E+00  0.25332748E+01  0.25291374E+01  0.24201387E-02  0.25315575E+01 -0.17172813E-02
 0.60000000E-01  0.54000000E+00  0.00000000E+00  0.25328876E+01  0.25289438E+01  0.27325884E-02  0.25316764E+01 -0.12112216E-02
 0.12000000E+00  0.54000000E+00  0.00000000E+00  0.25317414E+01  0.25283707E+01  0.31238490E-02  0.25314945E+01 -0.24684099E-03
 0.18000000E+00  0.54000000E+00  0.00000000E+00  0.25298812E+01  0.25274406E+01  0.25840359E-02  0.25300246E+01  0.14345590E-03
 0.24000000E+00  0.54000000E+00  0.00000000E+00  0.25273789E+01  0.25261894E+01  0.11079293E-02  0.25272974E+01 -0.81510704E-04
 0.30000000E+00  0.54000000E+00  0.00000000E+00  0.25243286E+01  0.25246643E+01 -0.68044490E-04  0.25245962E+01  0.26767551E-03
 0.36000000E+00  0.54000000E+00  0.00000000E+00  0.25208406E+01  0.25229203E+01 -0.81419783E-03  0.25221061E+01  0.12655022E-02
 0.42000000E+00  0.54000000E+00  0.00000000E+00  0.25170350E+01  0.25210175E+01 -0.20161342E-02  0.25190014E+01  0.19663458E-02
 0.48000000E+00  0.54000000E+00  0.00000000E+00  0.25130349E+01  0.25190174E+01 -0.44398050E-02  0.25145776E+01  0.15427550E-02
 0.54000000E+00  0.54000000E+00  0.00000000E+00  0.25089596E+01  0.25169798E+01 -0.68268428E-02  0.25101529E+01  0.11933872E-02
 0.60000000E+00  0.54000000E+00  0.00000000E+00  0.25049193E+01  0.25149597E+01 -0.85834052E-02  0.25063762E+01  0.14569548E-02
 0.66000000E+00  0.54000000E+00  0.00000000E+00  0.25010106E+01  0.25130053E+01 -0.10758457E-01  0.25022468E+01  0.12362528E-02
-0.66000000E+00  0.60000000E+00  0.00000000E+00  0.24979160E+01  0.25114580E+01 -0.10652848E-01  0.25008052E+01  0.28891422E-02
-0.60000000E+00  0.60000000E+00  0.00000000E+00  0.25013597E+01  0.25131799E+01 -0.99378274E-02  0.25032420E+01  0.18823226E-02
-0.54000000E+00  0.60000000E+00  0.00000000E+00  0.25049193E+01  0.25149597E+01 -0.92331858E-02  0.25057265E+01  0.80717421E-03
-0.48000000E+00  0.60000000E+00  0.00000000E+00  0.25085098E+01  0.25167549E+01 -0.73007021E-02  0.25094542E+01  0.94441785E-03
-0.42000000E+00  0.60000000E+00  0.00000000E+00  0.25120340E+01  0.25185170E+01 -0.44031190E-02  0.25141139E+01  0.20798710E-02
-0.36000000E+00  0.60000000E+00  0.00000000E+00  0.25153868E+01  0.25201934E+01 -0.28832307E-02  0.25173102E+01  0.19233593E-02
-0.30000000E+00  0.60000000E+00  0.00000000E+00  0.25184598E+01  0.25217299E+01 -0.24253669E-02  0.25193045E+01  0.84472313E-03
-0.24000000E+00  0.60000000E+00  0.00000000E+00  0.25211472E+01  0.25230736E+01 -0.17490312E-02  0.25213246E+01  0.17734878E-03
-0.18000000E+00  0.60000000E+00  0.00000000E+00  0.25233518E+01  0.25241759E+01 -0.60688619E-03  0.25235690E+01  0.21721381E-03
-0.12000000E+00  0.60000000E+00  0.00000000E+00  0.25249907E+01  0.25249954E+01  0.43341016E-05  0.25249997E+01  0.89941016E-05
-0.60000000E-01  0.60000000E+00  0.00000000E+00  0.25260006E+01  0.25255003E+01 -0.75487926E-04  0.25254248E+01 -0.57576793E-03
 0.00000000E+00  0.60000000E+00  0.00000000E+00  0.25263417E+01  0.25256709E+01 -0.19838755E-03  0.25254725E+01 -0.86923755E-03
 0.60000000E-01  0.60000000E+00  0.00000000E+00  0.25260006E+01  0.25255003E+01 -0.74370503E-04  0.25254259E+01 -0.57465050E-03
 0.12000000E+00  0.60000000E+00  0.00000000E+00  0.25249907E+01  0.25249954E+01  0.35355132E-05  0.25249989E+01  0.81955132E-05
 0.18000000E+00  0.60000000E+00  0.00000000E+00  0.25233518E+01  0.25241759E+01 -0.60847005E-03  0.25235674E+01  0.21562995E-03
 0.24000000E+00  0.60000000E+00  0.00000000E+00  0.25211472E+01  0.25230736E+01 -0.17479575E-02  0.25213257E+01  0.17842251E-03
 0.30000000E+00  0.60000000E+00  0.00000000E+00  0.25184598E+01  0.25217299E+01 -0.24232026E-02  0.25193067E+01  0.84688741E-03
 0.36000000E+00  0.60000000E+00  0.00000000E+00  0.25153868E+01  0.25201934E+01 -0.28835920E-02  0.25173098E+01  0.19229980E-02
 0.42000000E+00  0.60000000E+00  0.00000000E+00  0.25120340E+01  0.25185170E+01 -0.44053510E-02  0.25141117E+01  0.20776390E-02
 0.48000000E+00  0.60000000E+00  0.00000000E+00  0.25085098E+01  0.25167549E+01 -0.73013109E-02  0.25094536E+01  0.94380915E-03
 0.54000000E+00  0.60000000E+00  0.00000000E+00  0.25049193E+01  0.25149597E+01 -0.92377965E-02  0.25057219E+01  0.80256348E-03
 0.60000000E+00  0.60000000E+00  0.00000000E+00  0.25013597E+01  0.25131799E+01 -0.99465113E-02  0.25032333E+01  0.18736387E-02
 0.66000000E+00  0.60000000E+00  0.00000000E+00  0.24979160E+01  0.25114580E+01 -0.10645895E-01  0.25008121E+01  0.28960948E-02
-0.60000000E+00  0.66000000E+00  0.00000000E+00  0.24979160E+01  0.25114580E+01 -0.98571979E-02  0.25016008E+01  0.36847921E-02
-0.54000000E+00  0.66000000E+00  0.00000000E+00  0.25010106E+01  0.25130053E+01 -0.10245722E-01  0.25027596E+01  0.17489880E-02
-0.48000000E+00  0.66000000E+00  0.00000000E+00  0.25041320E+01  0.25145660E+01 -0.98334041E-02  0.25047326E+01  0.60059589E-03
-0.42000000E+00  0.66000000E+00  0.00000000E+00  0.25071958E+01  0.25160979E+01 -0.80569655E-02  0.25080409E+01  0.84511446E-03
-0.36000000E+00  0.66000000E+00  0.00000000E+00  0.25101106E+01  0.25175553E+01 -0.63131068E-02  0.25112422E+01  0.11315832E-02
-0.30000000E+00  0.66000000E+00  0.00000000E+00  0.25127822E+01  0.25188911E+01 -0.53060539E-02  0.25135850E+01  0.80287606E-03
-0.24000000E+00  0.66000000E+00  0.00000000E+00  0.25151185E+01  0.25200592E+01 -0.45570994E-02  0.25155021E+01  0.38367058E-03
-0.18000000E+00  0.66000000E+00  0.00000000E+00  0.25170350E+01  0.25210175E+01 -0.35642267E-02  0.25174533E+01  0.41825329E-03
-0.12000000E+00  0.66000000E+00  0.00000000E+00  0.25184598E+01  0.25217299E+01 -0.25840292E-02  0.25191459E+01  0.68606083E-03
-0.60000000E-01  0.66000000E+00  0.00000000E+00  0.25193378E+01  0.25221689E+01 -0.18077186E-02  0.25203612E+01  0.10233914E-02
 0.00000000E+00  0.66000000E+00  0.00000000E+00  0.25196343E+01  0.25223172E+01 -0.15014574E-02  0.25208157E+01  0.11813726E-02
 0.60000000E-01  0.66000000E+00  0.00000000E+00  0.25193378E+01  0.25221689E+01 -0.18061663E-02  0.25203627E+01  0.10249437E-02
 0.12000000E+00  0.66000000E+00  0.00000000E+00  0.25184598E+01  0.25217299E+01 -0.25835194E-02  0.25191464E+01  0.68657064E-03
 0.18000000E+00  0.66000000E+00  0.00000000E+00  0.25170350E+01  0.25210175E+01 -0.35647188E-02  0.25174528E+01  0.41776119E-03
 0.24000000E+00  0.66000000E+00  0.00000000E+00  0.25151185E+01  0.25200592E+01 -0.45566234E-02  0.25155026E+01  0.38414664E-03
 0.30000000E+00  0.66000000E+00  0.00000000E+00  0.25127822E+01  0.25188911E+01 -0.53049864E-02  0.25135861E+01  0.80394357E-03
 0.36000000E+00  0.66000000E+00  0.00000000E+00  0.25101106E+01  0.25175553E+01 -0.63133230E-02  0.25112420E+01  0.11313670E-02
 0.42000000E+00  0.66000000E+00  0.00000000E+00  0.25071958E+01  0.25160979E+01 -0.80576048E-02  0.25080403E+01  0.84447520E-03
 0.48000000E+00  0.66000000E+00  0.00000000E+00  0.25041320E+01  0.25145660E+01 -0.98310297E-02  0.25047350E+01  0.60297027E-03
 0.54000000E+00  0.66000000E+00  0.00000000E+00  0.25010106E+01  0.25130053E+01 -0.10245367E-01  0.25027599E+01  0.17493429E-02
 0.60000000E+00  0.66000000E+00  0.00000000E+00  0.24979160E+01  0.25114580E+01 -0.98615427E-02  0.25015965E+01  0.36804473E-02
-0.48000000E+00  0.72000000E+00  0.00000000E+00  0.24999907E+01  0.25124954E+01 -0.10015671E-01  0.25024797E+01  0.24889885E-02
-0.42000000E+00  0.72000000E+00  0.00000000E+00  0.25026190E+01  0.25138095E+01 -0.95601511E-02  0.25042493E+01  0.16303489E-02
-0.36000000E+00  0.72000000E+00  0.00000000E+00  0.25051194E+01  0.25150597E+01 -0.88683356E-02  0.25061914E+01  0.10719544E-02
-0.30000000E+00  0.72000000E+00  0.00000000E+00  0.25074112E+01  0.25162056E+01 -0.74175443E-02  0.25087880E+01  0.13768657E-02
-0.24000000E+00  0.72000000E+00  0.00000000E+00  0.25094154E+01  0.25172077E+01 -0.62138609E-02  0.25109938E+01  0.15784491E-02
-0.18000000E+00  0.72000000E+00  0.00000000E+00  0.25110595E+01  0.25180298E+01 -0.56501022E-02  0.25123796E+01  0.13201578E-02
-0.12000000E+00  0.72000000E+00  0.00000000E+00  0.25122817E+01  0.25186409E+01 -0.51350189E-02  0.25135059E+01  0.12241211E-02
-0.60000000E-01  0.72000000E+00  0.00000000E+00  0.25130349E+01  0.25190174E+01 -0.43322773E-02  0.25146852E+01  0.16502827E-02
 0.00000000E+00  0.72000000E+00  0.00000000E+00  0.25132893E+01  0.25191446E+01 -0.38507853E-02  0.25152939E+01  0.20045647E-02
 0.60000000E-01  0.72000000E+00  0.00000000E+00  0.25130349E+01  0.25190174E+01 -0.43315707E-02  0.25146859E+01  0.16509893E-02
 0.12000000E+00  0.72000000E+00  0.00000000E+00  0.25122817E+01  0.25186409E+01 -0.51349731E-02  0.25135059E+01  0.12241669E-02
 0.18000000E+00  0.72000000E+00  0.00000000E+00  0.25110595E+01  0.25180298E+01 -0.56506993E-02  0.25123791E+01  0.13195607E-02
 0.24000000E+00  0.72000000E+00  0.00000000E+00  0.25094154E+01  0.25172077E+01 -0.62141970E-02  0.25109935E+01  0.15781130E-02
 0.30000000E+00  0.72000000E+00  0.00000000E+00  0.25074112E+01  0.25162056E+01 -0.74178757E-02  0.25087877E+01  0.13765343E-02
 0.36000000E+00  0.72000000E+00  0.00000000E+00  0.25051194E+01  0.25150597E+01 -0.88698664E-02  0.25061898E+01  0.10704236E-02
 0.42000000E+00  0.72000000E+00  0.00000000E+00  0.25026190E+01  0.25138095E+01 -0.95612937E-02  0.25042482E+01  0.16292063E-02
 0.48000000E+00  0.72000000E+00  0.00000000E+00  0.24999907E+01  0.25124954E+01 -0.10011318E-01  0.25024840E+01  0.24933421E-02
-0.42000000E+00  0.78000000E+00  0.00000000E+00  0.24983790E+01  0.25116895E+01 -0.96534431E-02  0.25020360E+01  0.36570669E-02
-0.36000000E+00  0.78000000E+00  0.00000000E+00  0.25004955E+01  0.25127478E+01 -0.10328700E-01  0.25024191E+01  0.19235298E-02
-0.30000000E+00  0.78000000E+00  0.00000000E+00  0.25024355E+01  0.25137177E+01 -0.10216751E-01  0.25035010E+01  0.10655190E-02
-0.24000000E+00  0.78000000E+00  0.00000000E+00  0.25041320E+01  0.25145660E+01 -0.89611980E-02  0.25056048E+01  0.14728020E-02
-0.18000000E+00  0.78000000E+00  0.00000000E+00  0.25055237E+01  0.25152618E+01 -0.86247584E-02  0.25066371E+01  0.11133916E-02
-0.12000000E+00  0.78000000E+00  0.00000000E+00  0.25065583E+01  0.25157792E+01 -0.84358736E-02  0.25073433E+01  0.78496643E-03
-0.60000000E-01  0.78000000E+00  0.00000000E+00  0.25071958E+01  0.25160979E+01 -0.81446581E-02  0.25079533E+01  0.75742189E-03
 0.00000000E+00  0.78000000E+00  0.00000000E+00  0.25074112E+01  0.25162056E+01 -0.80451732E-02  0.25081604E+01  0.74923678E-03
 0.60000000E-01  0.78000000E+00  0.00000000E+00  0.25071958E+01  0.25160979E+01 -0.81446483E-02  0.25079533E+01  0.75743170E-03
 0.12000000E+00  0.78000000E+00  0.00000000E+00  0.25065583E+01  0.25157792E+01 -0.84358176E-02  0.25073433E+01  0.78502243E-03
 0.18000000E+00  0.78000000E+00  0.00000000E+00  0.25055237E+01  0.25152618E+01 -0.86248246E-02  0.25066370E+01  0.11133254E-02
 0.24000000E+00  0.78000000E+00  0.00000000E+00  0.25041320E+01  0.25145660E+01 -0.89612394E-02  0.25056048E+01  0.14727606E-02
 0.30000000E+00  0.78000000E+00  0.00000000E+00  0.25024355E+01  0.25137177E+01 -0.10216948E-01  0.25035008E+01  0.10653216E-02
 0.36000000E+00  0.78000000E+00  0.00000000E+00  0.25004955E+01  0.25127478E+01 -0.10330015E-01  0.25024178E+01  0.19222148E-02
 0.42000000E+00  0.78000000E+00  0.00000000E+00  0.24983790E+01  0.25116895E+01 -0.96547660E-02  0.25020347E+01  0.36557440E-02
-0.30000000E+00  0.84000000E+00  0.00000000E+00  0.24979160E+01  0.25114580E+01 -0.11267110E-01  0.25001909E+01  0.22748800E-02
-0.24000000E+00  0.84000000E+00  0.00000000E+00  0.24993331E+01  0.25121665E+01 -0.10063615E-01  0.25021029E+01  0.27698452E-02
-0.18000000E+00  0.84000000E+00  0.00000000E+00  0.25004955E+01  0.25127478E+01 -0.96776876E-02  0.25030701E+01  0.25745424E-02
-0.12000000E+00  0.84000000E+00  0.00000000E+00  0.25013597E+01  0.25131799E+01 -0.95907442E-02  0.25035891E+01  0.22294058E-02
-0.60000000E-01  0.84000000E+00  0.00000000E+00  0.25018922E+01  0.25134461E+01 -0.94824408E-02  0.25039637E+01  0.20714492E-02
 0.00000000E+00  0.84000000E+00  0.00000000E+00  0.25020721E+01  0.25135360E+01 -0.93739924E-02  0.25041621E+01  0.20899576E-02
 0.60000000E-01  0.84000000E+00  0.00000000E+00  0.25018922E+01  0.25134461E+01 -0.94831738E-02  0.25039629E+01  0.20707162E-02
 0.12000000E+00  0.84000000E+00  0.00000000E+00  0.25013597E+01  0.25131799E+01 -0.95911087E-02  0.25035888E+01  0.22290413E-02
 0.18000000E+00  0.84000000E+00  0.00000000E+00  0.25004955E+01  0.25127478E+01 -0.96775626E-02  0.25030702E+01  0.25746674E-02
 0.24000000E+00  0.84000000E+00  0.00000000E+00  0.24993331E+01  0.25121665E+01 -0.10063165E-01  0.25021034E+01  0.27702951E-02
 0.30000000E+00  0.84000000E+00  0.00000000E+00  0.24979160E+01  0.25114580E+01 -0.11266345E-01  0.25001917E+01  0.22756452E-02
